floor(cycle / (24 * 60)),pig.id,pig.target_dfi,pig.dfi,pig.target_cfi,pig.cfi,pig.weight,ET
0,12,1.7803428069999994,1.72,1.78,1.72,39.0,15.59
1,12,1.8051057311999996,2.0,3.59,3.72,39.68,15.59
2,12,1.8345059796999996,1.74,5.42,5.46,40.47,15.919999999999998
3,12,1.8573004677999994,1.67,7.28,7.13,41.16,15.33
4,12,1.8820815996999998,1.92,9.16,9.05,41.82,16.25
5,12,1.9068221456999992,1.75,11.07,10.8,42.58,16.79
6,12,1.9318083313,2.08,13.0,12.88,43.26,15.89
7,12,1.9582119491999994,1.8,14.96,14.68,44.08,14.809999999999999
8,12,1.9798381767000002,1.72,16.94,16.4,44.78,16.79
9,12,2.0057320074999994,1.74,18.95,18.14,45.45,15.799999999999997
10,12,2.0263158769499996,2.0,20.98,20.14,46.13,16.31
11,12,2.051809753,2.29,23.03,22.43,46.9,16.18
12,12,2.0822055245499995,2.06,25.11,24.49,47.79,15.770000000000001
13,12,2.1086155530500004,2.18,27.22,26.67,48.59,15.55
14,12,2.1329828412000005,1.99,29.35,28.66,49.42,15.919999999999998
15,12,2.1504744530499993,2.25,31.5,30.91,50.19,16.67
16,12,2.1833061832499996,2.15,33.68,33.06,51.05,15.89
17,12,2.1964749321999992,2.29,35.88,35.35,51.87,16.98
18,12,2.2313255482499996,2.04,38.11,37.39,52.75,16.189999999999998
19,12,2.2539202731999994,2.48,40.36,39.87,53.52,16.169999999999998
20,12,2.2856756647999994,2.02,42.65,41.89,54.46,15.719999999999999
21,12,2.306706367699999,2.23,44.96,44.12,55.22,15.790000000000001
22,12,2.324908115949999,2.13,47.28,46.25,56.07,16.25
23,12,2.3601052834500003,2.28,49.64,48.53,56.87,15.110000000000003
24,12,2.3843743491999994,2.38,52.02,50.91,57.72,15.06
25,12,2.4065311972999996,2.28,54.43,53.19,58.61,15.280000000000005
26,12,2.4261293457999993,2.47,56.86,55.66,59.46,15.540000000000003
27,12,2.4476896072,2.54,59.31,58.2,60.38,15.720000000000002
28,12,2.4398888721999996,2.22,61.75,60.42,61.32,17.35
29,12,2.4547265118,2.52,64.2,62.94,62.14,17.54
30,12,2.5084328874499993,2.46,66.71,65.4,63.07,16.11
31,12,2.5475790101999993,2.61,69.26,68.01,63.98,15.14
32,12,2.5507348246999992,2.32,71.81,70.33,64.93,16.200000000000003
33,12,2.5836910276999996,2.69,74.39,73.02,65.78,15.55
34,12,2.6194337687999996,2.35,77.01,75.37,66.76,14.84
35,12,2.6360398637999998,2.64,79.65,78.01,67.61,15.02
36,12,2.6557163274499995,2.51,82.31,80.52,68.57,15.129999999999999
37,12,2.6896193764499996,2.94,85.0,83.46,69.47,14.389999999999997
38,12,2.6894582991999996,2.95,87.69,86.41,70.53,15.54
39,12,2.7110099402999994,2.64,90.4,89.05,71.59,15.559999999999999
40,12,2.6961675554499993,2.77,93.1,91.82,72.53,16.770000000000003
41,12,2.738289895199999,2.76,95.84,94.58,73.52,15.980000000000004
42,12,2.8022005125000002,2.91,98.64,97.49,74.5,14.150000000000002
43,12,2.8144185631999994,2.98,101.45,100.47,75.52,14.520000000000003
44,12,2.8304564584499996,2.87,104.28,103.34,76.57,14.690000000000001
45,12,2.843162903199999,2.94,107.12,106.28,77.58,14.919999999999998
46,12,2.8098002692999993,2.94,109.93,109.22,78.61,16.560000000000002
47,12,2.8867864547999997,3.11,112.82,112.33,79.64,14.659999999999997
48,12,2.9205059751999993,2.75,115.74,115.08,80.72,14.099999999999998
49,12,2.9250556487,2.78,118.67,117.86,81.67,14.520000000000003
50,12,2.9200877852,2.63,121.59,120.49,82.63,15.179999999999998
51,12,2.9587562479500003,3.09,124.55,123.58,83.53,14.389999999999997
52,12,2.9763168630499997,3.13,127.53,126.71,84.59,14.349999999999998
53,12,2.9276235347999986,2.84,130.46,129.55,85.66,16.159999999999997
54,12,2.9522969556999996,2.87,133.41,132.42,86.62,15.849999999999998
55,12,2.9065751210499995,3.03,136.32,135.45,87.59,17.19
56,12,2.9618656597,2.76,139.28,138.21,88.62,16.21
57,12,3.0521289444999993,3.19,142.33,141.4,89.55,14.159999999999998
58,12,3.0684539971999993,2.81,145.4,144.21,90.62,14.080000000000002
59,12,3.047049451249998,3.19,148.45,147.4,91.55,14.95
60,12,3.0639936901999993,3.2,151.51,150.6,92.62,14.819999999999999
61,12,3.033716639199999,2.9,154.54,153.5,93.68,15.779999999999996
62,12,3.010030144800001,2.87,157.55,156.37,94.64,16.459999999999997
63,12,3.0877486491999995,2.95,160.64,159.32,95.58,14.959999999999997
64,12,3.115872353249999,3.17,163.76,162.49,96.55,14.509999999999996
65,12,3.1335383166999984,3.27,166.89,165.76,97.58,14.309999999999999
66,12,3.099161216749999,3.3,169.99,169.06,98.65,15.27
67,12,3.1097030541999984,3.03,173.1,172.09,99.72,15.21
68,12,3.1718825244999986,3.19,176.27,175.28,100.7,14.010000000000002
69,12,3.1881227042,3.24,179.46,178.52,101.72,13.810000000000002
70,12,3.1682638927999993,3.16,182.63,181.68,102.76,14.400000000000002
71,12,3.2104167531999988,2.95,185.84,184.63,103.77,13.620000000000001
72,12,3.1694436122999985,3.18,189.01,187.81,104.71,14.600000000000001
73,12,3.142398824199999,3.41,192.15,191.22,105.72,15.21
74,12,3.139777938549999,2.89,195.29,194.11,106.79,15.330000000000002
75,12,3.1227408579999993,2.88,198.41,196.99,107.7,15.68
76,12,3.113085627999999,3.31,201.52,200.3,108.6,15.880000000000003
77,12,3.1570073047999996,3.15,204.68,203.45,109.64,15.160000000000004
78,12,3.1104791376999987,2.98,207.79,206.43,110.62,15.970000000000004
79,12,3.1659015657999983,3.14,210.96,209.57,111.54,15.060000000000004
80,12,3.0972064150499983,3.04,214.06,212.61,112.51,16.19
