floor(cycle / (24 * 60)),pig.id,pig.target_dfi,pig.dfi,pig.target_cfi,pig.cfi,pig.weight,ET
0,14,1.8166798319999997,2.09,1.82,2.09,40.0,15.59
1,14,1.8478911994499996,1.55,3.67,3.64,40.87,15.59
2,14,1.8715716832,1.93,5.54,5.57,41.52,15.919999999999998
3,14,1.8984400011999998,2.13,7.44,7.7,42.32,15.33
4,14,1.9293527199999996,2.08,9.37,9.78,43.2,16.25
5,14,1.9562052243,2.21,11.33,11.99,44.06,16.79
6,14,1.9892495207999996,1.94,13.32,13.93,44.96,15.89
7,14,2.0159426207999998,2.28,15.34,16.21,45.76,14.809999999999999
8,14,2.041290392549999,2.17,17.38,18.38,46.69,16.79
9,14,2.0753448592,2.22,19.46,20.6,47.58,15.799999999999997
10,14,2.1011200312000002,2.21,21.56,22.81,48.48,16.31
11,14,2.1300200001999996,2.07,23.69,24.88,49.38,16.18
12,14,2.1586997497,2.17,25.85,27.05,50.22,15.770000000000001
13,14,2.1867784655499998,1.96,28.04,29.01,51.09,15.55
14,14,2.2080893471999996,2.41,30.25,31.42,51.88,15.919999999999998
15,14,2.2287434767499996,2.13,32.48,33.55,52.85,16.67
16,14,2.2620271494999993,2.17,34.74,35.72,53.7,15.89
17,14,2.2728980812,2.5,37.01,38.22,54.57,16.98
18,14,2.3115677818,2.02,39.32,40.24,55.56,16.189999999999998
19,14,2.3339691237999998,2.13,41.65,42.37,56.36,16.169999999999998
20,14,2.362814008,2.3,44.01,44.67,57.2,15.719999999999999
21,14,2.3866929410499997,2.34,46.4,47.01,58.11,15.790000000000001
22,14,2.40430915395,2.31,48.8,49.32,59.03,16.25
23,14,2.4443189293,2.17,51.24,51.49,59.94,15.110000000000003
24,14,2.467437435799999,2.7,53.71,54.19,60.79,15.06
25,14,2.4917342367999997,2.47,56.2,56.66,61.84,15.280000000000005
26,14,2.5119570919999994,2.56,58.71,59.22,62.8,15.540000000000003
27,14,2.5331534482999998,2.78,61.24,62.0,63.79,15.720000000000002
28,14,2.5216457563,2.41,63.76,64.41,64.86,17.35
29,14,2.5368202677999996,2.5,66.3,66.91,65.79,17.54
30,14,2.594232768249999,2.73,68.89,69.64,66.75,16.11
31,14,2.637910147799999,2.45,71.53,72.09,67.79,15.14
32,14,2.6352061551999992,2.79,74.17,74.88,68.72,16.200000000000003
33,14,2.6733022476999997,2.75,76.84,77.63,69.78,15.55
34,14,2.710965007199999,2.92,79.55,80.55,70.82,14.84
35,14,2.7304311911999997,2.54,82.28,83.09,71.92,15.02
36,14,2.747433155949999,2.82,85.03,85.91,72.87,15.129999999999999
37,14,2.78556835995,2.97,87.82,88.88,73.93,14.389999999999997
38,14,2.7791965341999996,2.9,90.6,91.78,75.03,15.54
39,14,2.7986762442999997,2.51,93.4,94.29,76.11,15.559999999999999
40,14,2.7766317507999996,2.49,96.18,96.78,77.04,16.770000000000003
41,14,2.818576150799999,2.88,99.0,99.66,77.96,15.980000000000004
42,14,2.889120948699999,2.88,101.89,102.54,79.02,14.150000000000002
43,14,2.8980701767,3.09,104.79,105.63,80.07,14.520000000000003
44,14,2.912375442,2.68,107.7,108.31,81.2,14.690000000000001
45,14,2.9211766087,2.82,110.62,111.13,82.17,14.919999999999998
46,14,2.8785460693,2.65,113.5,113.78,83.19,16.560000000000002
47,14,2.9599982769999986,2.84,116.46,116.62,84.15,14.659999999999997
48,14,2.9926846191999994,3.17,119.45,119.79,85.17,14.099999999999998
49,14,2.9960201679999994,3.18,122.45,122.97,86.3,14.520000000000003
50,14,2.988451160799999,3.26,125.44,126.23,87.44,15.179999999999998
51,14,3.0318500069999996,3.25,128.47,129.48,88.6,14.389999999999997
52,14,3.0480777312499994,2.97,131.52,132.45,89.75,14.349999999999998
53,14,2.987913603299999,3.04,134.51,135.49,90.79,16.159999999999997
54,14,3.0127184262999998,3.15,137.52,138.64,91.86,15.849999999999998
55,14,2.9592557607999983,2.78,140.48,141.42,92.96,17.19
56,14,3.016030978449999,3.14,143.5,144.56,93.93,16.21
57,14,3.115317345199999,3.38,146.62,147.94,95.02,14.159999999999998
58,14,3.1300209891999997,3.37,149.75,151.31,96.18,14.080000000000002
59,14,3.1036281442999982,3.2,152.85,154.51,97.34,14.95
60,14,3.1184289067999984,3.12,155.97,157.63,98.44,14.819999999999999
61,14,3.0800618230000003,3.24,159.05,160.87,99.5,15.779999999999996
62,14,3.0507999419999994,2.81,162.1,163.68,100.6,16.459999999999997
63,14,3.1338817645,3.29,165.23,166.97,101.55,14.959999999999997
64,14,3.162429667299999,3.01,168.39,169.98,102.66,14.509999999999996
65,14,3.1779738494499994,3.25,171.57,173.23,103.67,14.309999999999999
66,14,3.1351891677999997,3.15,174.71,176.38,104.76,15.27
67,14,3.142753880049999,3.2,177.85,179.58,105.81,15.21
68,14,3.2089406859499996,2.91,181.06,182.49,106.87,14.010000000000002
69,14,3.2229351929499996,3.52,184.28,186.01,107.83,13.810000000000002
70,14,3.1970573952999986,3.09,187.48,189.1,108.99,14.400000000000002
71,14,3.2404874679999995,3.11,190.72,192.21,110.0,13.620000000000001
72,14,3.191245770299999,3.41,193.91,195.62,111.01,14.600000000000001
73,14,3.1576723921999994,3.02,197.07,198.64,112.12,15.21
74,14,3.150956123049999,2.95,200.22,201.59,113.09,15.330000000000002
75,14,3.1290746447999966,2.88,203.35,204.47,114.04,15.68
76,14,3.1154202966999995,3.02,206.47,207.49,114.97,15.880000000000003
77,14,3.160292634699998,3.26,209.63,210.75,115.93,15.160000000000004
78,14,3.1059855284499975,3.36,212.74,214.11,116.97,15.970000000000004
79,14,3.1634451507999994,3.26,215.9,217.37,118.04,15.060000000000004
80,14,3.0847966334500003,3.25,218.98,220.62,119.07,16.19
