floor(cycle / (24 * 60)),pig.id,pig.target_dfi,pig.dfi,pig.target_cfi,pig.cfi,pig.weight,ET
0,16,1.8997888420785458,1.69,1.9,1.69,43.0,21.32
1,16,1.9371696368935802,1.85,3.84,3.54,43.68,21.32
2,16,1.9098076190930862,1.92,5.75,5.46,44.43,22.73
3,16,1.9294873487264004,1.69,7.68,7.15,45.21,22.58
4,16,1.9507496622607698,1.86,9.63,9.01,45.89,22.32
5,16,1.9261896860241323,2.01,11.56,11.02,46.63,23.39
6,16,1.9291614419825134,2.06,13.49,13.08,47.44,23.67
7,16,2.0080345430763114,1.94,15.5,15.02,48.26,21.89
8,16,1.9906141163478925,2.26,17.49,17.28,49.04,22.78
9,16,1.9927579690859738,2.29,19.48,19.57,49.93,23.11
10,16,2.0033798403497833,2.12,21.48,21.69,50.84,23.21
11,16,2.1209605911999994,2.05,23.6,23.74,51.68,20.37
12,16,2.11248605255,1.86,25.71,25.6,52.49,21.310000000000002
13,16,2.1084372067,2.3,27.82,27.9,53.22,21.93
14,16,2.0572002202,2.24,29.88,30.14,54.12,23.67
15,16,2.116991874999999,1.86,32.0,32.0,55.0,22.75
16,16,2.1664871942,2.03,34.17,34.03,55.72,21.929999999999996
17,16,2.1678837825499997,1.95,36.34,35.98,56.51,22.33
18,16,2.16170383495,2.29,38.5,38.27,57.27,22.85
19,16,2.203055476749999,2.01,40.7,40.28,58.15,22.33
20,16,2.1837199709499995,2.02,42.88,42.3,58.93,23.11
21,16,2.1565829102999996,1.92,45.04,44.22,59.71,23.96
22,16,2.1994472238,2.17,47.24,46.39,60.44,23.39
23,16,2.1853088126999993,2.46,49.43,48.85,61.27,23.96
24,16,2.24650456655,2.0,51.68,50.85,62.21,23.11
25,16,2.24581770895,2.09,53.93,52.94,62.97,23.39
26,16,2.287810302449999,2.47,56.22,55.41,63.77,22.85
27,16,2.260434455500001,2.22,58.48,57.63,64.7,23.67
28,16,2.3324611697999993,2.53,60.81,60.16,65.54,22.58
29,16,2.3738858152999995,2.52,63.18,62.68,66.49,22.08
30,16,2.4348517708,2.52,65.61,65.2,67.44,21.15
31,16,2.4054108451999987,2.43,68.02,67.63,68.38,22.08
32,16,2.24651488355,2.48,70.27,70.11,69.29,25.03
33,16,2.1456232732999996,2.26,72.42,72.37,70.21,26.64
34,16,2.2546142995,2.06,74.67,74.43,71.05,25.240000000000002
35,16,2.1741200480499994,2.39,76.84,76.82,71.81,26.49
36,16,2.1929463642999996,2.2,79.03,79.02,72.69,26.36
37,16,2.251993895499999,2.15,81.28,81.17,73.5,25.67
38,16,2.2199357902,2.33,83.5,83.5,74.28,26.21
39,16,2.090971019699999,1.93,85.59,85.43,75.13,27.92
40,16,2.2031756127999986,2.34,87.79,87.77,75.84,26.610000000000003
41,16,2.210170743049998,2.16,90.0,89.93,76.69,26.610000000000003
42,16,2.2218721751999992,2.39,92.22,92.32,77.47,26.54
43,16,2.212919617449999,2.02,94.43,94.34,78.33,26.73
44,16,2.2552509933000002,2.13,96.69,96.47,79.06,26.27
45,16,2.2790520007,2.04,98.97,98.51,79.83,26.04
46,16,2.1662651108,2.18,101.14,100.69,80.56,27.45
47,16,2.207461537799999,2.01,103.35,102.7,81.34,27.02
48,16,2.1380942012499995,2.05,105.49,104.75,82.05,27.85
49,16,2.2370630551999993,2.12,107.73,106.87,82.78,26.759999999999998
50,16,2.12919167145,2.08,109.86,108.95,83.53,28.009999999999998
51,16,2.0931942381999997,2.1,111.95,111.05,84.27,28.42
52,16,2.31280571255,2.08,114.26,113.13,85.01,25.99
53,16,2.2633938328000003,1.99,116.52,115.12,85.74,26.6
54,16,2.3457784218,2.13,118.87,117.25,86.44,25.67
55,16,2.3273524612,2.09,121.2,119.34,87.18,25.919999999999998
56,16,2.3115056565499996,2.5,123.51,121.84,87.91,26.13
57,16,2.3904773392,2.15,125.9,123.99,88.78,25.240000000000002
58,16,2.3928010866999996,2.49,128.29,126.48,89.53,25.240000000000002
59,16,2.145637162299999,2.4,130.44,128.88,90.39,27.96
60,16,2.2029185446999993,2.3,132.64,131.18,91.22,27.369999999999997
61,16,2.205786383799999,2.3,134.85,133.48,92.01,27.339999999999996
62,16,2.0575704095499994,2.17,136.91,135.65,92.79,28.810000000000002
63,16,2.153345585799999,2.03,139.06,137.68,93.54,27.86
64,16,2.2109971214499993,2.44,141.27,140.12,94.23,27.27
65,16,2.2275419443000004,2.51,143.5,142.63,95.06,27.09
66,16,2.2251087567999996,2.52,145.73,145.15,95.91,27.099999999999998
67,16,2.1921584058000008,2.28,147.92,147.43,96.76,27.409999999999997
68,16,2.1081042126999994,1.94,150.03,149.37,97.53,28.2
69,16,2.1745876161999997,2.15,152.2,151.52,98.18,27.540000000000003
70,16,2.1110788279999997,2.11,154.31,153.63,98.9,28.12
71,16,2.0604308319999998,2.18,156.37,155.81,99.6,28.56
72,16,2.202522731949999,2.44,158.57,158.25,100.33,27.19
73,16,2.3480697173,2.22,160.92,160.47,101.14,25.710000000000004
74,16,2.1965441871999993,2.41,163.12,162.88,101.87,27.180000000000003
75,16,2.2814402436999996,2.54,165.4,165.42,102.67,26.320000000000004
76,16,2.330059299999999,2.62,167.73,168.04,103.5,25.800000000000004
77,16,2.2699469138,2.54,170.0,170.58,104.36,26.35
78,16,2.401446208299999,2.66,172.4,173.24,105.19,25.0
79,16,2.424672330799999,2.7,174.82,175.94,106.06,24.72
80,16,2.311678760800001,2.1,177.13,178.04,106.94,25.799999999999997
81,16,2.198200749699999,2.14,179.33,180.18,107.62,26.830000000000002
82,16,2.143450129299999,2.25,181.47,182.43,108.31,27.28
83,16,1.9931200791999997,1.79,183.46,184.22,109.03,28.54
84,16,2.0085629543,1.73,185.47,185.95,109.61,28.36
85,16,2.0590043728,2.22,187.53,188.17,110.16,27.88
86,16,2.1037783734500004,2.05,189.63,190.22,110.87,27.43
87,16,2.0651700552,1.97,191.7,192.19,111.52,27.71
88,16,1.9580523244999992,2.16,193.66,194.35,112.15,28.56
89,16,2.137804972799998,2.03,195.8,196.38,112.84,26.96
90,16,2.122054155199997,2.4,197.92,198.78,113.48,27.040000000000003
