floor(cycle / (24 * 60)),pig.id,pig.target_dfi,pig.dfi,pig.target_cfi,pig.cfi,pig.weight,ET
0,6,1.857624055727255,1.69,1.86,1.69,41.0,21.32
1,6,1.8951731508797143,1.96,3.76,3.65,41.66,21.32
2,6,1.870908932483159,2.04,5.63,5.69,42.42,22.73
3,6,1.8912306227787894,1.89,7.52,7.58,43.21,22.58
4,6,1.9136520280744114,1.82,9.43,9.4,43.94,22.32
5,6,1.8905640509606003,2.06,11.32,11.46,44.64,23.39
6,6,1.8942817393353368,1.6,13.21,13.06,45.43,23.67
7,6,1.9673841100703298,2.03,15.18,15.09,46.05,21.89
8,6,1.9522036736707589,1.76,17.13,16.85,46.83,22.78
9,6,1.951929222587813,1.86,19.08,18.71,47.5,23.11
10,6,1.960286100201045,1.97,21.04,20.68,48.21,23.21
11,6,2.0653581338244487,1.97,23.11,22.65,48.96,20.37
12,6,2.052111675217561,2.25,25.16,24.9,49.7,21.310000000000002
13,6,2.0467528440562774,1.81,27.21,26.71,50.56,21.93
14,6,1.9923025737999998,2.11,29.2,28.82,51.24,23.67
15,6,2.048825281449999,2.12,31.25,30.94,52.03,22.75
16,6,2.0991030149500003,2.21,33.35,33.15,52.83,21.929999999999996
17,6,2.103601505299999,2.22,35.45,35.37,53.66,22.33
18,6,2.10139686405,1.83,37.55,37.2,54.49,22.85
19,6,2.1381596144499997,2.19,39.69,39.39,55.17,22.33
20,6,2.1227126286999995,2.33,41.81,41.72,55.98,23.11
21,6,2.1007963794999998,2.37,43.91,44.09,56.85,23.96
22,6,2.1462701539499993,2.22,46.06,46.31,57.73,23.39
23,6,2.1342495408,2.09,48.19,48.4,58.54,23.96
24,6,2.1912659900499993,2.33,50.38,50.73,59.31,23.11
25,6,2.19431186295,2.17,52.57,52.9,60.17,23.39
26,6,2.2358546248000004,1.96,54.81,54.86,60.96,22.85
27,6,2.2080617212,2.0,57.02,56.86,61.68,23.67
28,6,2.2763155427999995,2.35,59.3,59.21,62.41,22.58
29,6,2.3159249188000004,2.43,61.62,61.64,63.26,22.08
30,6,2.3743566162999996,2.13,63.99,63.77,64.14,21.15
31,6,2.3461773552999987,2.13,66.34,65.9,64.91,22.08
32,6,2.1960007492,1.94,68.54,67.84,65.68,25.03
33,6,2.0989974557,2.22,70.64,70.06,66.37,26.64
34,6,2.2041721266999996,2.37,72.84,72.43,67.17,25.240000000000002
35,6,2.1305065550499998,1.92,74.97,74.35,68.01,26.49
36,6,2.148231351999999,2.26,77.12,76.61,68.7,26.36
37,6,2.2062665955000003,2.01,79.33,78.62,69.5,25.67
38,6,2.177005451699999,2.12,81.51,80.74,70.22,26.21
39,6,2.0550473397,1.94,83.57,82.68,70.97,27.92
40,6,2.1634776882499986,2.25,85.73,84.93,71.65,26.610000000000003
41,6,2.1716259418,1.9,87.9,86.83,72.44,26.610000000000003
42,6,2.183615834799999,2.09,90.08,88.92,73.11,26.54
43,6,2.1760558867999995,1.96,92.26,90.88,73.84,26.73
44,6,2.2177670779499996,2.44,94.48,93.32,74.53,26.27
45,6,2.2430869672,2.38,96.72,95.7,75.38,26.04
46,6,2.1382448950000006,2.34,98.86,98.04,76.2,27.45
47,6,2.179654277799999,2.09,101.04,100.13,77.01,27.02
48,6,2.115176875299999,2.03,103.16,102.16,77.74,27.85
49,6,2.2112497767999995,2.34,105.37,104.5,78.44,26.759999999999998
50,6,2.1101578638,2.31,107.48,106.81,79.24,28.009999999999998
51,6,2.0775535142,2.25,109.56,109.06,80.03,28.42
52,6,2.2896130120000002,2.21,111.85,111.27,80.8,25.99
53,6,2.2441497074999996,2.47,114.09,113.74,81.55,26.6
54,6,2.3253185710499995,2.56,116.42,116.3,82.39,25.67
55,6,2.3099926627999996,2.32,118.73,118.62,83.26,25.919999999999998
56,6,2.296592334249999,2.52,121.03,121.14,84.05,26.13
57,6,2.3739665842999997,2.41,123.4,123.55,84.89,25.240000000000002
58,6,2.3780207719999997,2.62,125.78,126.17,85.7,25.240000000000002
59,6,2.1419242792,2.07,127.92,128.24,86.58,27.96
60,6,2.1984489419500006,2.24,130.12,130.48,87.27,27.369999999999997
61,6,2.2026812062,2.39,132.32,132.87,88.02,27.339999999999996
62,6,2.0612965850499982,1.87,134.38,134.74,88.81,28.810000000000002
63,6,2.1550604421999986,2.31,136.54,137.05,89.43,27.86
64,6,2.211986022999999,2.03,138.75,139.08,90.2,27.27
65,6,2.229435997299999,2.38,140.98,141.46,90.86,27.09
66,6,2.2287939549999987,2.5,143.21,143.96,91.65,27.099999999999998
67,6,2.19883937295,2.27,145.41,146.23,92.47,27.409999999999997
68,6,2.1195231823000005,2.34,147.53,148.57,93.21,28.2
69,6,2.1846743551999985,2.35,149.71,150.92,93.97,27.540000000000003
70,6,2.124776902699999,2.1,151.83,153.02,94.73,28.12
71,6,2.0772866573,2.29,153.91,155.31,95.41,28.56
72,6,2.215666592799999,2.13,156.13,157.44,96.16,27.19
73,6,2.3574623578,2.37,158.49,159.81,96.84,25.710000000000004
74,6,2.2131076879999987,2.0,160.7,161.81,97.6,27.180000000000003
75,6,2.296761708799999,2.21,163.0,164.02,98.24,26.320000000000004
76,6,2.3453912074999996,2.43,165.35,166.45,98.95,25.800000000000004
77,6,2.2897221299499995,2.58,167.64,169.03,99.73,26.35
78,6,2.4175019074999997,2.63,170.06,171.66,100.55,25.0
79,6,2.441648937199999,2.17,172.5,173.83,101.38,24.72
80,6,2.3359799146999993,2.46,174.84,176.29,102.07,25.799999999999997
81,6,2.2282081317999993,1.94,177.07,178.23,102.84,26.830000000000002
82,6,2.1774940404999987,2.09,179.25,180.32,103.45,27.28
83,6,2.034856094799999,2.14,181.28,182.46,104.11,28.54
84,6,2.0502421351999986,1.89,183.33,184.35,104.78,28.36
85,6,2.0996121247,2.33,185.43,186.68,105.37,27.88
86,6,2.144048415549999,1.91,187.57,188.59,106.09,27.43
87,6,2.108651042199999,2.27,189.68,190.86,106.68,27.71
88,6,2.0060415972999994,1.78,191.69,192.64,107.39,28.56
89,6,2.181630866799999,2.46,193.87,195.1,107.94,26.96
90,6,2.1668865912999995,1.99,196.04,197.09,108.69,27.040000000000003
