floor(cycle / (24 * 60)),pig.id,pig.target_dfi,pig.dfi,pig.target_cfi,pig.cfi,pig.weight,ET
0,5,1.707560579856862,1.93,1.71,1.93,37.56,21.32
1,5,1.6363660455063906,1.57,3.35,3.5,38.34,26.922046886844296
2,5,1.5889655304225203,1.37,4.94,4.87,38.98,28.482046886844298
3,5,1.6115747484957683,1.69,6.55,6.56,39.53,28.252046886844294
4,5,1.6330721770386032,1.86,8.18,8.42,40.21,28.122046886844295
5,5,1.6964745497856992,1.65,9.88,10.07,40.96,26.872046886844295
6,5,1.6276539699677515,1.59,11.51,11.66,41.62,28.71204688684429
7,5,1.6500381054305433,1.74,13.16,13.4,42.26,28.402046886844296
8,5,1.6898843603501779,1.91,14.85,15.31,42.95,27.71204688684429
9,5,1.6676166371597285,1.78,16.52,17.09,43.71,28.452046886844293
10,5,1.62042226956654,1.61,18.14,18.7,44.42,29.702046886844297
11,5,1.6272156161529876,1.86,19.77,20.56,45.06,29.732046886844294
12,5,1.7025202546678493,1.56,21.47,22.12,45.8,28.302046886844295
13,5,1.7545708911316404,1.68,23.22,23.8,46.41,27.342046886844294
14,5,1.7246290169896323,1.48,24.94,25.28,47.08,28.19204688684429
15,5,1.7210683489622385,1.51,26.66,26.79,47.66,28.432046886844297
16,5,1.698027508596848,1.79,28.36,28.58,48.25,29.082046886844296
17,5,1.71927104822016,1.94,30.08,30.52,48.95,28.822046886844298
18,5,1.6966848048529177,1.91,31.78,32.43,49.71,29.492046886844296
19,5,1.668989685747561,1.66,33.45,34.09,50.46,30.252046886844294
20,5,1.6370530985727034,1.86,35.09,35.95,51.1,31.060000000000002
21,5,1.7460526257355498,1.5,36.84,37.45,51.83,29.12
22,5,1.783457951088763,1.67,38.62,39.12,52.41,28.59
23,5,1.6954124083700597,1.58,40.32,40.7,53.05,30.589999999999996
24,5,1.7053232489938446,1.43,42.03,42.13,53.66,30.609999999999996
25,5,1.794171907679233,1.63,43.82,43.76,54.21,29.06
26,5,1.827519714234407,1.69,45.65,45.45,54.84,28.639999999999997
27,5,1.894430639232293,1.94,47.54,47.39,55.49,27.58
28,5,1.9475046236237372,2.06,49.49,49.45,56.23,26.830000000000002
29,5,1.9393226916739206,2.22,51.43,51.67,57.02,27.29
30,5,1.9619797935869259,2.17,53.39,53.84,57.86,27.169999999999998
31,5,2.011945185972266,1.75,55.4,55.59,58.69,26.529999999999998
32,5,1.9977756148601353,2.09,57.4,57.68,59.35,27.040000000000003
33,5,2.055411567105451,2.04,59.46,59.72,60.14,26.250000000000004
34,5,2.0113207739780807,1.75,61.47,61.47,60.91,27.34
35,5,2.0270700581257874,1.87,63.5,63.34,61.57,27.28
36,5,1.9552092633862819,1.69,65.46,65.03,62.27,28.8
37,5,1.9895222777652926,2.28,67.45,67.31,62.9,28.39
38,5,1.9819268290879093,2.17,69.43,69.48,63.75,28.790000000000003
39,5,2.000723493081358,2.11,71.43,71.59,64.56,28.71
40,5,2.0127874652011233,2.04,73.44,73.63,65.35,28.740000000000002
41,5,1.9895395161623348,1.91,75.43,75.54,66.1,29.36
42,5,1.9720486358123488,1.74,77.4,77.28,66.81,29.86
43,5,1.9582691894374227,2.03,79.36,79.31,67.45,30.27
44,5,2.0015074985608234,2.1,81.36,81.41,68.2,29.75
45,5,2.014740473244469,2.18,83.37,83.59,68.97,29.74
46,5,2.0434306304480705,1.93,85.41,85.52,69.76,29.479999999999997
47,5,2.0862658595227326,2.17,87.5,87.69,70.47,28.970000000000002
48,5,2.0883008851659826,2.2,89.59,89.89,71.26,29.150000000000002
49,5,2.098334293278064,2.03,91.69,91.92,72.06,29.2
50,5,2.1021097233003254,2.33,93.79,94.25,72.79,29.330000000000002
51,5,2.028630677942274,2.18,95.82,96.43,73.63,30.71
52,5,2.134088564032489,1.84,97.95,98.27,74.42,29.240000000000002
53,5,2.08522692246686,2.07,100.04,100.34,75.08,30.169999999999998
54,5,2.110806377181671,2.36,102.15,102.7,75.82,29.95
55,5,2.2307860243239452,1.97,104.38,104.67,76.66,28.3
56,5,2.1621640506238684,2.21,106.54,106.88,77.37,29.529999999999998
57,5,2.319411674989139,2.09,108.86,108.97,78.15,27.319999999999993
58,5,2.370050728587371,2.53,111.23,111.5,78.89,26.739999999999995
59,5,2.3309284717379595,2.12,113.56,113.62,79.79,27.55999999999999
60,5,2.3712436960666916,2.65,115.93,116.27,80.53,27.13999999999999
61,5,2.2624542101989347,2.45,118.19,118.72,81.46,28.97999999999999
62,5,2.2247076791872464,2.07,120.41,120.79,82.32,29.72999999999999
63,5,2.3211769647142666,2.43,122.73,123.22,83.04,28.47999999999999
64,5,2.3469071269868507,2.29,125.08,125.51,83.89,28.29999999999999
65,5,2.198842678728977,2.0,127.28,127.51,84.68,30.609999999999985
66,5,2.2647672840472817,2.22,129.54,129.73,85.38,29.809999999999988
67,5,2.3736446342416633,2.2,131.91,131.93,86.14,28.419999999999987
68,5,2.373356326313333,2.52,134.28,134.45,86.9,28.589999999999986
69,5,2.4236515121884206,2.45,136.7,136.9,87.77,28.069999999999986
70,5,2.33977473810455,2.25,139.04,139.15,88.6,29.419999999999987
71,5,2.338813647916979,2.11,141.38,141.26,89.37,29.59
72,5,2.339840661369303,2.26,143.72,143.52,90.09,29.72
73,5,2.338520392273237,2.2,146.06,145.72,90.86,29.89
74,5,2.4143320003223216,2.33,148.47,148.05,91.6,29.0
75,5,2.3573068623463174,2.16,150.83,150.21,92.39,29.93
76,5,2.421611103427134,2.37,153.25,152.58,93.11,29.199999999999996
77,5,2.414515699805713,2.64,155.66,155.22,93.91,29.45
78,5,2.4082798360624778,2.19,158.07,157.41,94.79,29.7
79,5,2.306790206424285,2.4,160.38,159.81,95.52,31.18
80,5,2.4510023343379084,2.5,162.83,162.31,96.32,29.419999999999998
81,5,2.4963102009029674,2.33,165.33,164.64,97.15,28.98
82,5,2.4957851970876743,2.62,167.83,167.26,97.92,29.13
83,5,2.619951364869611,2.58,170.45,169.84,98.78,27.680000000000003
84,5,2.4592884809776177,2.56,172.91,172.4,99.63,29.91
85,5,2.5684383278531016,2.44,175.48,174.84,100.47,28.660000000000004
86,5,2.567099813800865,2.85,178.05,177.69,101.26,28.820000000000004
87,5,2.549346825630884,2.77,180.6,180.46,102.19,29.210000000000004
88,5,2.553023453170659,2.68,183.15,183.14,103.09,29.320000000000004
89,5,2.4888937175515267,2.74,185.64,185.88,103.96,30.270000000000003
90,5,2.5874092093208105,2.81,188.23,188.69,104.84,29.19
