floor(cycle / (24 * 60)),pig.id,pig.target_dfi,pig.dfi,pig.target_cfi,pig.cfi,pig.weight,ET
0,4,1.8253587279999999,1.62,1.83,1.62,42.0,21.32
1,4,1.8453014186999996,1.9,3.68,3.52,42.67,21.32
2,4,1.8732541882999996,2.11,5.55,5.63,43.46,21.13
3,4,1.9171220932,2.15,7.47,7.78,44.33,20.34
4,4,1.9491291777999997,2.11,9.42,9.89,45.21,20.060000000000002
5,4,1.9498705311999995,1.68,11.37,11.57,46.08,21.080000000000002
6,4,1.95233120695,2.16,13.32,13.73,46.77,21.669999999999998
7,4,2.009899097,1.89,15.33,15.62,47.65,20.459999999999997
8,4,2.0037283492,1.96,17.33,17.58,48.42,21.439999999999998
9,4,1.9854560967,2.01,19.32,19.59,49.22,22.610000000000003
10,4,2.0440817651999996,2.02,21.36,21.61,50.03,21.5
11,4,2.0967002169999995,2.38,23.46,23.99,50.85,20.46
12,4,1.9944436932999998,2.09,25.45,26.08,51.81,23.919999999999998
13,4,2.1201027925,1.93,27.57,28.01,52.65,21.2
14,4,2.1403810232,2.15,29.71,30.16,53.42,21.16
15,4,2.1360649451999993,2.03,31.85,32.19,54.28,21.86
16,4,2.0945816115499993,2.04,33.94,34.23,55.09,23.31
17,4,2.2204403674999993,2.18,36.16,36.41,55.9,20.549999999999997
18,4,2.2131781314500003,2.05,38.37,38.46,56.77,21.33
19,4,2.1793025992,2.47,40.55,40.93,57.58,22.599999999999994
20,4,2.2301380957500005,2.07,42.78,43.0,58.55,21.889999999999993
21,4,2.27740562695,2.51,45.06,45.51,59.37,21.149999999999995
22,4,2.2575293554999996,2.01,47.32,47.52,60.35,22.12
23,4,2.3452433247999993,2.27,49.67,49.79,61.14,20.36
24,4,2.266105201199999,2.32,51.94,52.11,62.02,22.64
25,4,2.3193416099499995,2.42,54.26,54.53,62.93,21.87
26,4,2.3839174656999997,2.35,56.64,56.88,63.87,20.8
27,4,2.3698219356999988,2.26,59.01,59.14,64.77,21.520000000000003
28,4,2.3597958817499993,2.45,61.37,61.59,65.65,22.070000000000007
29,4,2.302763447799999,2.06,63.67,63.65,66.59,23.460000000000004
30,4,2.3751913356999994,2.25,66.05,65.9,67.38,22.350000000000005
31,4,2.2808560487999987,2.31,68.33,68.21,68.24,24.259999999999998
32,4,2.1177592431999996,1.85,70.45,70.06,69.12,26.85
33,4,2.2191364221999996,2.42,72.67,72.48,69.82,25.54
34,4,2.132801218299999,1.94,74.8,74.42,70.74,26.89
35,4,2.1675388679499994,2.0,76.97,76.42,71.47,26.53
36,4,2.11088493395,2.18,79.08,78.6,72.23,27.369999999999997
37,4,2.1272658969999996,2.1,81.21,80.7,73.05,27.26
38,4,2.08644781795,2.05,83.3,82.75,73.83,27.85
39,4,2.184556217,2.16,85.48,84.91,74.6,26.71
40,4,2.170236642799999,1.9,87.65,86.81,75.41,26.98
41,4,2.1991935281999995,2.29,89.85,89.1,76.12,26.69
42,4,2.156348015199999,1.9,92.01,91.0,76.97,27.299999999999997
43,4,2.1687986819499994,1.99,94.18,92.99,77.67,27.209999999999997
44,4,2.15355728,2.05,96.33,95.04,78.4,27.45
45,4,2.1324469918,2.17,98.46,97.21,79.16,27.75
46,4,2.1792593627999985,2.26,100.64,99.47,79.96,27.26
47,4,2.0561361916999994,2.12,102.7,101.59,80.78,28.69
48,4,2.2500575617999994,2.16,104.95,103.75,81.56,26.53
49,4,2.124862705749999,2.37,107.07,106.12,82.35,28.01
50,4,2.0854338335499993,2.12,109.16,108.24,83.21,28.47
51,4,2.2294653779499987,2.47,111.39,110.71,83.97,26.91
52,4,2.1314092184499995,2.06,113.52,112.77,84.87,28.029999999999998
53,4,2.1351475330499996,2.14,115.66,114.91,85.61,28.009999999999998
54,4,2.1537524726999995,2.21,117.81,117.12,86.38,27.83
55,4,2.209282295450001,2.18,120.02,119.3,87.17,27.249999999999996
56,4,2.3019825345000005,2.02,122.32,121.32,87.95,26.239999999999995
57,4,2.271698126699999,2.51,124.59,123.83,88.67,26.6
58,4,2.356014595800001,2.12,126.95,125.95,89.56,25.67
59,4,2.337533390799999,2.06,129.29,128.01,90.31,25.9
60,4,2.3966366528,2.46,131.69,130.47,91.04,25.240000000000002
61,4,2.4156225452999993,2.16,134.11,132.63,91.91,25.040000000000003
62,4,2.349744956799999,2.42,136.46,135.05,92.66,25.799999999999997
63,4,2.390737889050001,2.69,138.85,137.74,93.51,25.349999999999998
64,4,2.4469144204999997,2.61,141.3,140.35,94.45,24.72
65,4,2.2033156047999993,2.44,143.5,142.79,95.36,27.33
66,4,2.253103694049999,2.28,145.75,145.07,96.21,26.81
67,4,2.2604053513,2.49,148.01,147.56,96.99,26.72
68,4,2.27320903425,2.32,150.28,149.88,97.85,26.569999999999997
69,4,2.36032086125,2.15,152.64,152.03,98.65,25.65
70,4,2.3663600435499994,2.62,155.01,154.65,99.39,25.57
71,4,2.3195366022,2.42,157.33,157.07,100.28,26.029999999999998
72,4,2.2698458338,2.04,159.6,159.11,101.11,26.5
73,4,2.1695212319999992,2.11,161.77,161.22,101.8,27.44
74,4,2.356918221549999,2.18,164.13,163.4,102.51,25.57
75,4,2.3311672375,2.23,166.46,165.63,103.25,25.799999999999997
76,4,2.3724501999999994,2.43,168.83,168.06,104.0,25.349999999999998
77,4,2.2767099561999995,2.25,171.11,170.31,104.82,26.259999999999998
78,4,2.3429870054499995,2.44,173.45,172.75,105.57,25.57
79,4,2.2673707798,1.99,175.72,174.74,106.39,26.259999999999998
80,4,2.3345893892499996,2.54,178.05,177.28,107.05,25.57
81,4,2.2402975848000004,2.36,180.29,179.64,107.89,26.419999999999998
82,4,2.1846279856999997,1.94,182.47,181.58,108.67,26.88
83,4,2.157286404299999,2.24,184.63,183.82,109.31,27.080000000000002
84,4,2.191847395749999,2.23,186.82,186.05,110.05,26.71
85,4,2.0920831941999993,2.13,188.91,188.18,110.78,27.540000000000003
86,4,2.0736729352,2.0,190.98,190.18,111.48,27.64
87,4,2.031975117199998,2.07,193.01,192.25,112.13,27.94
88,4,1.9480959767999986,1.84,194.96,194.09,112.81,28.580000000000002
89,4,1.997660293549999,1.73,196.96,195.82,113.41,28.11
90,4,2.104150193949999,2.4,199.06,198.22,113.97,27.150000000000002
