floor(cycle / (24 * 60)),pig.id,pig.target_dfi,pig.dfi,pig.target_cfi,pig.cfi,pig.weight,ET
0,5,1.8789252853422858,1.63,1.88,1.63,42.0,21.32
1,5,1.9166035656975,1.65,3.8,3.28,42.68,21.32
2,5,1.8830326661432675,1.61,5.68,4.89,43.36,22.92
3,5,1.9152062967262182,1.94,7.6,6.83,44.02,22.32
4,5,1.9198379664153224,2.06,9.52,8.89,44.82,22.650000000000002
5,5,1.9298203488400323,2.01,11.45,10.9,45.67,22.82
6,5,1.9061257474823472,1.66,13.36,12.56,46.49,23.839999999999996
7,5,1.9245759701215035,2.13,15.28,14.69,47.17,23.67
8,5,1.9988519665750752,1.72,17.28,16.41,48.04,22.049999999999997
9,5,2.0499426591189716,2.23,19.33,18.64,48.74,20.79
10,5,2.0753721320259175,2.03,21.41,20.67,49.64,20.47
11,5,2.038616733873897,1.88,23.45,22.55,50.47,22.12
12,5,2.1246647314499993,1.93,25.57,24.48,51.23,19.790000000000003
13,5,2.1312527999999995,1.97,27.7,26.45,52.0,20.3
14,5,2.0785481385499995,2.29,29.78,28.74,52.79,22.450000000000003
15,5,2.1736394858,2.29,31.95,31.03,53.71,20.34
16,5,2.2013446702000006,2.35,34.15,33.38,54.63,20.180000000000003
17,5,2.2299312417999997,2.04,36.38,35.42,55.56,19.99
18,5,2.1564188234499992,1.87,38.54,37.29,56.37,22.529999999999998
19,5,2.12024142505,2.28,40.66,39.57,57.11,23.669999999999995
20,5,2.1414919626999995,1.9,42.8,41.47,58.02,23.61
21,5,2.2157986237999996,2.07,45.02,43.54,58.76,22.33
22,5,2.2436080612000007,2.49,47.26,46.03,59.58,22.08
23,5,2.2835806307499986,2.15,49.54,48.18,60.55,21.610000000000003
24,5,2.28492870355,2.32,51.82,50.5,61.39,21.970000000000002
25,5,2.2660215575000002,2.24,54.09,52.74,62.3,22.75
26,5,2.3765341417,2.11,56.47,54.85,63.17,20.64
27,5,2.4048495358,2.67,58.87,57.52,63.99,20.34
28,5,2.4251381462,2.72,61.3,60.24,65.02,20.34
29,5,2.3943881472,2.11,63.69,62.35,66.07,21.499999999999996
30,5,2.4929394751999996,2.66,66.18,65.01,66.88,19.53
31,5,2.4667231497999986,2.61,68.65,67.62,67.89,20.62
32,5,2.2412348975499996,2.0,70.89,69.62,68.89,25.03
33,5,2.2511992917499994,2.43,73.14,72.05,69.65,25.03
34,5,2.1867770424499997,2.3,75.33,74.35,70.57,26.13
35,5,2.2030787888,2.19,77.53,76.54,71.44,26.04
36,5,2.2201266689500003,2.44,79.75,78.98,72.27,25.929999999999996
37,5,2.1110169582999996,2.25,81.86,81.23,73.19,27.479999999999997
38,5,2.1622162459499994,2.44,84.02,83.67,74.03,26.929999999999996
39,5,2.2731208258,2.38,86.29,86.05,74.94,25.579999999999995
40,5,2.336530278199999,2.35,88.63,88.4,75.83,24.82
41,5,2.229961752,2.22,90.86,90.62,76.7,26.36
42,5,2.2070056251999985,2.25,93.07,92.87,77.52,26.73
43,5,2.3135815737500005,2.47,95.38,95.34,78.35,25.45
44,5,2.3368319487999996,2.62,97.72,97.96,79.26,25.240000000000002
45,5,2.259973986699999,2.35,99.98,100.31,80.22,26.31
46,5,2.2621377541999994,2.54,102.24,102.85,81.08,26.349999999999998
47,5,2.3044810478,2.24,104.54,105.09,82.01,25.9
48,5,2.2803311946999982,2.18,106.82,107.27,82.82,26.25
49,5,2.1695509726999993,2.31,108.99,109.58,83.62,27.570000000000004
50,5,2.286644266749999,2.23,111.28,111.81,84.45,26.270000000000003
51,5,2.2405596194999995,2.04,113.52,113.85,85.25,26.840000000000003
52,5,2.1751587970499986,2.46,115.7,116.31,85.99,27.590000000000003
53,5,2.299548863449999,2.14,118.0,118.45,86.87,26.23
54,5,2.198267038799999,2.41,120.2,120.86,87.64,27.380000000000003
55,5,2.221116006549999,2.09,122.42,122.95,88.49,27.150000000000002
56,5,2.1160008387999993,2.07,124.54,125.02,89.24,28.26
57,5,2.0498345946999996,1.8,126.59,126.82,89.97,28.92
58,5,2.13678301505,2.28,128.73,129.1,90.61,28.05
59,5,2.1952322780499998,2.24,130.93,131.34,91.41,27.45
60,5,2.195070095000001,2.16,133.13,133.5,92.2,27.45
61,5,2.2150854207999995,2.24,135.35,135.74,92.96,27.24
62,5,2.223249160299999,2.33,137.57,138.07,93.74,27.150000000000002
63,5,2.13437308925,2.36,139.7,140.43,94.55,28.03
64,5,2.2747507807,2.18,141.97,142.61,95.37,26.6
65,5,2.048404564449999,1.98,144.02,144.59,96.13,28.810000000000002
66,5,2.208162272049999,2.27,146.23,146.86,96.81,27.25
67,5,2.17033808,2.23,148.4,149.09,97.6,27.6
68,5,2.0641647347999985,2.26,150.46,151.35,98.36,28.580000000000002
69,5,2.253729796299999,2.12,152.71,153.47,99.14,26.73
70,5,2.0569140497999983,2.23,154.77,155.7,99.86,28.580000000000002
71,5,2.1647337981999994,1.89,156.93,157.59,100.62,27.540000000000003
72,5,2.140355791199999,2.19,159.07,159.78,101.27,27.740000000000002
73,5,2.13319060905,1.85,161.2,161.63,102.01,27.769999999999996
74,5,2.1544072221999997,2.41,163.35,164.04,102.63,27.540000000000003
75,5,2.2250070317499993,2.12,165.58,166.16,103.45,26.83
76,5,2.078214056799999,2.27,167.66,168.43,104.16,28.150000000000002
77,5,2.2197121791999983,2.25,169.88,170.68,104.92,26.8
78,5,2.3006783992,2.39,172.18,173.07,105.68,25.979999999999997
79,5,2.3812492101999996,2.17,174.56,175.24,106.47,25.14
80,5,2.1937956358000004,2.32,176.75,177.56,107.19,26.9
81,5,2.0608574808,1.8,178.81,179.36,107.96,28.04
82,5,2.134701816799999,2.12,180.94,181.48,108.56,27.34
83,5,2.196262111299999,2.01,183.14,183.49,109.26,26.73
84,5,2.122844099199999,1.99,185.26,185.48,109.92,27.34
85,5,2.094100937199999,2.24,187.35,187.72,110.57,27.540000000000003
86,5,2.10179104755,2.35,189.45,190.07,111.31,27.41
87,5,2.145477383699999,2.35,191.6,192.42,112.07,26.96
88,5,2.0407506167999983,1.87,193.64,194.29,112.84,27.799999999999997
89,5,2.283661000750001,2.3,195.92,196.59,113.45,25.589999999999996
90,5,2.1385376270500003,2.38,198.06,198.97,114.19,26.83
