floor(cycle / (24 * 60)),pig.id,pig.target_dfi,pig.dfi,pig.target_cfi,pig.cfi,pig.weight,ET
0,0,1.7735649854499995,1.69,1.77,1.69,39.03,18.79
1,0,1.7953534111999998,1.9,3.57,3.59,39.68,18.79
2,0,1.8183183406999996,1.75,5.39,5.34,40.42,18.93
3,0,1.8511397425000005,1.99,7.24,7.33,41.1,17.85
4,0,1.8798470267999996,2.05,9.12,9.38,41.86,17.360000000000003
5,0,1.8825045719999993,1.59,11.0,10.97,42.65,19.46
6,0,1.9190490237999998,1.66,12.92,12.63,43.26,18.18
7,0,1.9421019185499997,2.23,14.86,14.86,43.89,17.91
8,0,1.9541216653,2.02,16.81,16.88,44.74,19.03
9,0,1.9800246313000003,2.2,18.79,19.08,45.51,18.88
10,0,2.0005100094999997,1.85,20.79,20.93,46.35,19.159999999999997
11,0,2.016189313,2.28,22.81,23.21,47.05,19.419999999999995
12,0,2.0158654760499997,2.22,24.83,25.43,47.91,20.509999999999994
13,0,2.0167374249999996,2.06,26.85,27.49,48.75,21.299999999999994
14,0,2.0977557011999997,2.34,28.95,29.83,49.52,18.889999999999997
15,0,2.0727911679999993,2.35,31.02,32.18,50.4,20.879999999999995
16,0,2.086328607199999,2.17,33.11,34.35,51.28,21.179999999999993
17,0,2.1330396892000003,2.25,35.24,36.6,52.08,20.30999999999999
18,0,2.1120418582000005,2.18,37.35,38.78,52.92,21.629999999999992
19,0,2.1519585876999994,1.98,39.5,40.76,53.73,21.039999999999992
20,0,2.1299245232999997,1.98,41.63,42.74,54.46,22.129999999999992
21,0,2.1365798908,2.27,43.77,45.01,55.19,22.379999999999992
22,0,2.2245165667,2.07,45.99,47.08,56.03,20.51999999999999
23,0,2.2424025283000004,2.11,48.23,49.19,56.79,20.519999999999992
24,0,2.2790824558000002,2.18,50.51,51.37,57.56,19.949999999999996
25,0,2.2506278192499996,2.49,52.76,53.86,58.35,21.269999999999992
26,0,2.2538454587999994,2.08,55.01,55.94,59.26,21.679999999999996
27,0,2.2401912152000003,2.14,57.25,58.08,60.02,22.359999999999996
28,0,2.3227567583,2.04,59.57,60.12,60.79,20.759999999999994
29,0,2.31859516645,2.61,61.89,62.73,61.53,21.249999999999993
30,0,2.34830166645,2.49,64.24,65.22,62.47,20.989999999999995
31,0,2.3779243888,2.61,66.62,67.83,63.36,20.699999999999996
32,0,2.4165146200000005,2.25,69.04,70.08,64.3,20.199999999999996
33,0,2.4489525505,2.38,71.49,72.46,65.1,19.769999999999996
34,0,2.4894241417500007,2.75,73.98,75.21,65.95,19.129999999999995
35,0,2.4784246912000003,2.21,76.46,77.42,66.92,19.919999999999995
36,0,2.5075788403,2.33,78.97,79.75,67.71,19.559999999999995
37,0,2.5565416379499997,2.65,81.53,82.4,68.53,18.66999999999999
38,0,2.5789282957999995,2.62,84.11,85.02,69.46,18.54
39,0,2.5731166821999985,2.29,86.68,87.31,70.38,19.14
40,0,2.6228319396999993,2.85,89.3,90.16,71.18,18.21
41,0,2.5441521322,2.78,91.84,92.94,72.18,20.499999999999996
42,0,2.6133503772999993,2.33,94.45,95.27,73.14,19.310000000000002
43,0,2.6435337782499992,2.84,97.09,98.11,73.95,18.91
44,0,2.64715668495,2.35,99.74,100.46,74.93,19.189999999999998
45,0,2.646460812799999,2.71,102.39,103.17,75.74,19.48
46,0,2.7386542866999997,2.83,105.13,106.0,76.67,17.639999999999997
47,0,2.6657410437999998,2.63,107.8,108.63,77.64,19.65
48,0,2.7385617092000003,2.85,110.54,111.48,78.53,18.34
49,0,2.744431287999999,2.67,113.28,114.15,79.5,18.520000000000003
50,0,2.7856177779999993,2.57,116.07,116.72,80.4,17.87
51,0,2.7116585594499987,2.51,118.78,119.23,81.27,19.67
52,0,2.8001142802,2.51,121.58,121.74,82.12,18.07
53,0,2.771046624799999,2.77,124.35,124.51,82.96,18.9
54,0,2.7944255500499993,2.61,127.14,127.12,83.89,18.650000000000002
55,0,2.8606566478,2.89,130.0,130.01,84.76,17.47
56,0,2.8708413051999995,3.07,132.87,133.08,85.72,17.500000000000004
57,0,2.855989912449999,3.09,135.73,136.17,86.73,18.05
58,0,2.830905246999999,2.66,138.56,138.83,87.75,18.74
59,0,2.8288156089499985,2.75,141.39,141.58,88.63,18.93
60,0,2.83676274845,3.11,144.23,144.69,89.53,18.93
61,0,2.858725345299999,2.94,147.09,147.63,90.54,18.69
62,0,2.877172375,2.59,149.97,150.22,91.5,18.5
63,0,2.819392267299999,2.85,152.79,153.07,92.34,19.590000000000003
64,0,2.8314893012999995,2.85,155.62,155.92,93.26,19.490000000000002
65,0,2.9287804561999993,3.06,158.55,158.98,94.18,17.940000000000005
66,0,2.772506831799999,2.88,161.32,161.86,95.16,20.55
67,0,2.8400621791999994,2.55,164.16,164.41,96.08,19.6
68,0,2.8417896525499993,2.9,167.0,167.31,96.89,19.630000000000003
69,0,2.8274156157999997,2.6,169.83,169.91,97.81,19.900000000000002
70,0,2.8606841787999997,2.75,172.69,172.66,98.64,19.450000000000003
71,0,2.8328933727999983,2.63,175.52,175.29,99.51,19.900000000000002
72,0,2.9830961931999997,2.73,178.5,178.02,100.33,17.62
73,0,2.986744751799999,2.82,181.49,180.84,101.19,17.62
74,0,2.9771231774499993,2.89,184.47,183.73,102.07,17.830000000000002
75,0,2.9906469642,2.85,187.46,186.58,102.97,17.66
76,0,2.982428227299999,3.19,190.44,189.77,103.86,17.830000000000002
77,0,2.8766291877999994,3.08,193.32,192.85,104.84,19.41
78,0,2.9731575810499997,3.02,196.29,195.87,105.79,18.03
79,0,2.9728859351999994,2.75,199.26,198.62,106.72,18.05
80,0,2.9638792017999984,2.79,202.22,201.41,107.56,18.189999999999998
81,0,2.8635739980499992,3.12,205.08,204.53,108.41,19.57
82,0,2.8184039348,3.08,207.9,207.61,109.36,20.13
83,0,2.9112495247999997,2.86,210.81,210.47,110.29,18.9
84,0,2.892222811749999,3.04,213.7,213.51,111.15,19.13
85,0,2.743547104949999,2.52,216.44,216.03,112.07,20.93
86,0,2.7410201192000008,2.6,219.18,218.63,112.82,20.919999999999998
87,0,2.7285092879999993,2.52,221.91,221.15,113.6,21.02
88,0,2.761010317499999,2.98,224.67,224.13,114.35,20.6
89,0,2.7265087551999994,2.98,227.4,227.11,115.23,20.940000000000005
90,0,2.686017943549999,2.52,230.09,229.63,116.11,21.330000000000002
