floor(cycle / (24 * 60)),pig.id,pig.target_dfi,pig.dfi,pig.target_cfi,pig.cfi,pig.weight,ET
0,19,1.7816342474499998,1.62,1.78,1.62,39.27,18.79
1,19,1.8020155522000003,2.07,3.58,3.69,39.88,18.79
2,19,1.8261924803,2.0,5.41,5.69,40.66,18.93
3,19,1.8615031680499998,1.6,7.27,7.29,41.41,17.85
4,19,1.8848775332999996,1.71,9.15,9.0,42.01,17.360000000000003
5,19,1.8825045719999993,1.8,11.03,10.8,42.65,19.46
6,19,1.9209766611999997,1.64,12.95,12.44,43.32,18.18
7,19,1.9433845059499992,2.04,14.89,14.48,43.93,17.91
8,19,1.95258885455,1.78,16.84,16.26,44.69,19.03
9,19,1.9751544904999998,1.82,18.82,18.08,45.35,18.88
10,19,1.9906718152000002,2.19,20.81,20.27,46.02,19.159999999999997
11,19,2.0097641932,1.83,22.82,22.1,46.83,19.419999999999995
12,19,2.004449659499999,1.84,24.82,23.94,47.5,20.509999999999994
13,19,2.0012180692,2.22,26.82,26.16,48.17,21.299999999999994
14,19,2.0826296045499992,2.26,28.9,28.42,48.99,18.889999999999997
15,19,2.0572600493000004,1.97,30.96,30.39,49.81,20.879999999999995
16,19,2.067085122199999,2.18,33.03,32.57,50.53,21.179999999999993
17,19,2.1132413662,2.05,35.14,34.62,51.32,20.30999999999999
18,19,2.0912454224500006,2.21,37.23,36.83,52.07,21.629999999999992
19,19,2.1308015556999997,1.84,39.36,38.67,52.87,21.039999999999992
20,19,2.10827956845,2.25,41.47,40.92,53.53,22.129999999999992
21,19,2.1173119718,2.05,43.59,42.97,54.34,22.379999999999992
22,19,2.2015159267000004,2.07,45.79,45.04,55.07,20.51999999999999
23,19,2.219524079200001,2.45,48.01,47.49,55.82,20.519999999999992
24,19,2.2584674795499997,2.14,50.27,49.63,56.69,19.949999999999996
25,19,2.2307187167499998,2.03,52.5,51.66,57.45,21.269999999999992
26,19,2.2305754957,2.46,54.73,54.12,58.17,21.679999999999996
27,19,2.220471299499999,2.29,56.95,56.41,59.05,22.359999999999996
28,19,2.3026538995000005,2.51,59.25,58.92,59.85,20.759999999999994
29,19,2.3023676303,2.5,61.55,61.42,60.74,21.249999999999993
30,19,2.3310243156999997,2.47,63.88,63.89,61.62,20.989999999999995
31,19,2.3601873112000002,2.62,66.24,66.51,62.48,20.699999999999996
32,19,2.39838178,2.6,68.64,69.11,63.4,20.199999999999996
33,19,2.4328599305000003,2.27,71.07,71.38,64.3,19.769999999999996
34,19,2.4719762080500005,2.24,73.54,73.62,65.09,19.129999999999995
35,19,2.4581304187999993,2.52,76.0,76.14,65.86,19.919999999999995
36,19,2.4888996286999996,2.42,78.49,78.56,66.73,19.559999999999995
37,19,2.53786615795,2.75,81.03,81.31,67.57,18.66999999999999
38,19,2.560774688799999,2.75,83.59,84.06,68.51,18.54
39,19,2.5562761119999995,2.28,86.15,86.34,69.45,19.14
40,19,2.6052025949499997,2.52,88.76,88.86,70.23,18.21
41,19,2.5266782768,2.82,91.29,91.68,71.09,20.499999999999996
42,19,2.5950537858000002,2.39,93.89,94.07,72.04,19.310000000000002
43,19,2.6252802407499995,2.33,96.52,96.4,72.85,18.91
44,19,2.62647796845,2.45,99.15,98.85,73.63,19.189999999999998
45,19,2.6269537407999994,2.57,101.78,101.42,74.46,19.48
46,19,2.7164354872,2.77,104.5,104.19,75.32,17.639999999999997
47,19,2.645892522799999,2.66,107.15,106.85,76.24,19.65
48,19,2.7176735271999997,2.91,109.87,109.76,77.13,18.34
49,19,2.724295120299999,2.91,112.59,112.67,78.09,18.520000000000003
50,19,2.7663141332999994,2.66,115.36,115.33,79.06,17.87
51,19,2.695107649949999,2.62,118.06,117.95,79.93,19.67
52,19,2.7823281170499996,2.98,120.84,120.93,80.79,18.07
53,19,2.756559041199999,2.69,123.6,123.62,81.77,18.9
54,19,2.7796038362499993,2.69,126.38,126.31,82.65,18.650000000000002
55,19,2.8450473231999993,2.86,129.23,129.17,83.52,17.47
56,19,2.855481594999999,2.79,132.09,131.96,84.45,17.500000000000004
57,19,2.8406358737499997,2.96,134.93,134.92,85.35,18.05
58,19,2.8163808869999993,3.0,137.75,137.92,86.3,18.74
59,19,2.8160474189499993,2.64,140.57,140.56,87.27,18.93
60,19,2.824041543549999,2.74,143.39,143.3,88.11,18.93
61,19,2.8451364426999994,2.93,146.24,146.23,88.98,18.69
62,19,2.8637917618,3.01,149.1,149.24,89.91,18.5
63,19,2.80912114945,2.74,151.91,151.98,90.87,19.590000000000003
64,19,2.821333551449999,3.1,154.73,155.08,91.73,19.490000000000002
65,19,2.9176564957999997,2.84,157.65,157.92,92.71,17.940000000000005
66,19,2.765096979999998,2.8,160.42,160.72,93.6,20.55
67,19,2.8317462877,2.6,163.25,163.32,94.47,19.6
68,19,2.8341615771999997,2.84,166.08,166.16,95.28,19.630000000000003
69,19,2.8207336767999993,2.84,168.9,169.0,96.16,19.900000000000002
70,19,2.8542307148,2.77,171.75,171.77,97.04,19.450000000000003
71,19,2.8277054037999996,2.62,174.58,174.39,97.89,19.900000000000002
72,19,2.9751784029999997,2.77,177.56,177.16,98.7,17.62
73,19,2.979471072999999,3.14,180.54,180.3,99.55,17.62
74,19,2.9711671704999993,3.16,183.51,183.46,100.5,17.830000000000002
75,19,2.985419209199999,2.83,186.5,186.29,101.47,17.66
76,19,2.977959201199999,2.97,189.48,189.26,102.32,17.830000000000002
77,19,2.8749903066999996,2.83,192.35,192.09,103.22,19.41
78,19,2.97004007245,3.13,195.32,195.22,104.07,18.03
79,19,2.9706072490499995,2.98,198.29,198.2,105.01,18.05
80,19,2.962586219499999,2.69,201.25,200.89,105.9,18.189999999999998
81,19,2.8650687004999993,2.75,204.12,203.64,106.7,19.57
82,19,2.8217466351999994,3.06,206.94,206.7,107.52,20.13
83,19,2.9134161442,2.97,209.85,209.67,108.42,18.9
84,19,2.8955453655,3.07,212.75,212.74,109.3,19.13
85,19,2.750784033000001,2.49,215.5,215.23,110.2,20.93
86,19,2.7490082987000006,2.63,218.25,217.86,110.93,20.919999999999998
87,19,2.7374809018,2.45,220.99,220.31,111.69,21.02
88,19,2.7700918842999984,2.58,223.76,222.89,112.41,20.6
89,19,2.737716232,2.84,226.5,225.73,113.15,20.940000000000005
90,19,2.6991441856999985,2.94,229.2,228.67,113.98,21.330000000000002
