floor(cycle / (24 * 60)),pig.id,pig.target_dfi,pig.dfi,pig.target_cfi,pig.cfi,pig.weight,ET
0,1,1.764509328,2.01,1.76,2.01,40.0,21.32
1,1,1.7896965791999997,1.5,3.55,3.51,40.82,21.32
2,1,1.8029464761999994,1.89,5.35,5.4,41.43,21.54
3,1,1.8011334562999997,2.02,7.15,7.42,42.19,22.439999999999998
4,1,1.8339689902999994,1.89,8.98,9.31,43.01,22.12
5,1,1.8556457407,1.57,10.84,10.88,43.77,22.12
6,1,1.8988736799999997,2.01,12.74,12.89,44.4,21.200000000000003
7,1,1.954666884549999,1.82,14.69,14.71,45.21,19.790000000000003
8,1,1.9503281271999995,2.22,16.64,16.93,45.93,20.900000000000002
9,1,1.9669743786999996,2.18,18.61,19.11,46.82,21.21
10,1,1.9576212182999995,1.71,20.57,20.82,47.69,22.28
11,1,1.9886348347000002,2.24,22.56,23.06,48.37,21.88
12,1,2.0024732937499996,1.81,24.56,24.87,49.25,22.150000000000002
13,1,2.0218238446999997,2.2,26.58,27.07,49.97,22.12
14,1,2.0223468719499995,2.26,28.6,29.33,50.83,22.69
15,1,2.0449746891999996,1.78,30.64,31.11,51.72,22.66
16,1,2.0400279916999997,1.82,32.68,32.93,52.42,23.19
17,1,2.1003433634500004,2.38,34.78,35.31,53.13,22.09
18,1,2.1636463692999994,2.24,36.94,37.55,54.06,20.930000000000003
19,1,2.1507743699499993,2.24,39.09,39.79,54.93,21.870000000000005
20,1,2.1884348199999986,1.91,41.28,41.7,55.8,21.400000000000006
21,1,2.2671862584499998,2.11,43.55,43.81,56.53,19.53
22,1,2.240280286250001,2.51,45.79,46.32,57.35,20.95
23,1,2.27556044955,2.21,48.07,48.53,58.31,20.57
24,1,2.3199717477999995,2.31,50.39,50.84,59.16,19.830000000000002
25,1,2.2730586957999996,1.99,52.66,52.83,60.04,21.61
26,1,2.240387431999999,2.54,54.9,55.37,60.8,22.689999999999998
27,1,2.228120180799999,2.44,57.13,57.81,61.76,23.309999999999995
28,1,2.2587922513000005,2.31,59.39,60.12,62.69,23.039999999999996
29,1,2.256176701799999,2.51,61.65,62.63,63.56,23.39
30,1,2.224025395799999,2.21,63.87,64.84,64.51,24.259999999999998
31,1,2.3310460497999994,2.52,66.2,67.36,65.34,22.54
32,1,2.082986070199999,2.23,68.28,69.59,66.28,26.85
33,1,2.1597631587999997,1.87,70.44,71.46,67.11,25.9
34,1,2.2265841305500005,2.19,72.67,73.65,67.81,25.03
35,1,2.1862888232,2.19,74.86,75.84,68.62,25.8
36,1,2.0149254054499988,1.92,76.87,77.76,69.43,28.23
37,1,2.1277830523,2.02,79.0,79.78,70.14,26.87
38,1,2.106071203199999,1.92,81.11,81.7,70.88,27.26
39,1,2.0983063117,2.35,83.21,84.05,71.58,27.45
40,1,2.0046612482499997,2.22,85.21,86.27,72.45,28.69
41,1,2.1291935457999993,1.85,87.34,88.12,73.26,27.26
42,1,2.0847975967000005,2.14,89.42,90.26,73.93,27.88
43,1,2.207988559799999,1.91,91.63,92.17,74.71,26.420000000000005
44,1,2.206437547999999,1.92,93.84,94.09,75.4,26.520000000000003
45,1,2.3010174855499996,2.19,96.14,96.28,76.09,25.35
46,1,2.3009255131999993,2.4,98.44,98.68,76.88,25.45
47,1,2.2742195577999986,2.4,100.71,101.08,77.74,25.9
48,1,2.219711233,2.43,102.93,103.51,78.6,26.67
49,1,2.3055402284499995,2.48,105.24,105.99,79.47,25.669999999999998
50,1,2.36119983925,2.16,107.6,108.15,80.35,25.03
51,1,2.2803581271999995,2.38,109.88,110.53,81.12,26.13
52,1,2.3041788148,2.11,112.18,112.64,81.96,25.9
53,1,2.3085826347999996,2.2,114.49,114.84,82.71,25.9
54,1,2.316102941199999,2.54,116.81,117.38,83.48,25.86
55,1,2.2143408981999984,2.1,119.02,119.48,84.37,27.1
56,1,2.2259063862999993,2.34,121.25,121.82,85.11,27.0
57,1,2.2866712192,2.26,123.54,124.08,85.92,26.34
58,1,2.2353927110500003,2.23,125.78,126.31,86.71,26.949999999999996
59,1,2.2246320202000005,2.42,128.0,128.73,87.48,27.09
60,1,2.1076789072000004,2.13,130.11,130.86,88.32,28.34
61,1,2.263390294999999,2.55,132.37,133.41,89.05,26.7
62,1,2.1861212811999993,2.1,134.56,135.51,89.93,27.540000000000003
63,1,2.190299954999999,2.36,136.75,137.87,90.65,27.5
64,1,2.2438860957999998,2.26,138.99,140.13,91.46,26.939999999999998
65,1,2.0822432081999986,2.11,141.07,142.24,92.23,28.580000000000002
66,1,2.166055673799999,2.22,143.24,144.46,92.94,27.740000000000002
67,1,2.1770881529999984,2.12,145.42,146.58,93.7,27.62
68,1,2.1038933690499997,1.83,147.52,148.41,94.41,28.33
69,1,2.2846982402000005,2.4,149.8,150.81,95.03,26.499999999999996
70,1,2.2272192767999996,2.45,152.03,153.26,95.84,27.080000000000002
71,1,2.2185430692999994,1.97,154.25,155.23,96.66,27.150000000000002
72,1,2.136089417199999,2.42,156.39,157.65,97.32,27.94
73,1,2.3096682682,2.09,158.7,159.74,98.12,26.19
74,1,2.2775836521999997,2.21,160.98,161.95,98.82,26.5
75,1,2.356440719249999,2.36,163.34,164.31,99.55,25.67
76,1,2.296698089199999,2.09,165.64,166.4,100.33,26.259999999999998
77,1,2.3111684037,2.11,167.95,168.51,101.02,26.089999999999996
78,1,2.19418768655,1.91,170.14,170.42,101.71,27.209999999999997
79,1,2.284939471799999,2.5,172.42,172.92,102.34,26.3
80,1,2.38180008575,2.49,174.8,175.41,103.15,25.29
81,1,2.3289430158,2.52,177.13,177.93,103.96,25.789999999999996
82,1,2.3520215291999986,2.33,179.48,180.26,104.78,25.52
83,1,2.3572508659499993,2.59,181.84,182.85,105.53,25.43
84,1,2.1507805069499986,1.99,183.99,184.84,106.37,27.35
85,1,2.075706113799999,1.96,186.07,186.8,107.01,27.98
86,1,2.274874259799999,2.54,188.34,189.34,107.64,26.110000000000003
87,1,2.3390435544999977,2.63,190.68,191.97,108.45,25.440000000000005
88,1,2.232939801549998,2.47,192.91,194.44,109.29,26.390000000000004
89,1,2.0551588031999986,1.8,194.97,196.24,110.08,27.92
90,1,2.227204472,2.29,197.2,198.53,110.65,26.340000000000003
