floor(cycle / (24 * 60)),pig.id,pig.target_dfi,pig.dfi,pig.target_cfi,pig.cfi,pig.weight,ET
0,9,1.7333436279999994,1.74,1.73,1.74,39.0,21.32
1,9,1.7545900512000001,1.71,3.48,3.45,39.68,21.32
2,9,1.7699380498,1.81,5.25,5.26,40.34,21.54
3,9,1.7676568528,1.84,7.02,7.1,41.04,22.439999999999998
4,9,1.7976958527999995,1.53,8.82,8.63,41.76,22.12
5,9,1.8149129554999999,1.9,10.63,10.53,42.35,22.12
6,9,1.8603568191999997,1.83,12.49,12.36,43.08,21.200000000000003
7,9,1.9116539216999993,2.06,14.4,14.42,43.78,19.790000000000003
8,9,1.9112903471999998,1.95,16.31,16.37,44.57,20.900000000000002
9,9,1.9249452861999998,2.07,18.23,18.44,45.32,21.21
10,9,1.9155241722999996,1.91,20.15,20.35,46.11,22.28
11,9,1.9478504968,2.17,22.1,22.52,46.84,21.88
12,9,1.9611446542999995,1.81,24.06,24.33,47.66,22.150000000000002
13,9,1.9802357554999999,1.78,26.04,26.11,48.35,22.12
14,9,1.9774962936999998,2.18,28.02,28.29,49.02,22.69
15,9,1.9991327128,2.17,30.02,30.46,49.84,22.66
16,9,1.9986147252999997,1.79,32.02,32.25,50.66,23.19
17,9,2.0568154844499995,2.18,34.08,34.43,51.33,22.09
18,9,2.1160317613,2.33,36.2,36.76,52.14,20.930000000000003
19,9,2.10561377155,2.4,38.31,39.16,53.01,21.870000000000005
20,9,2.144004454299999,1.92,40.45,41.08,53.91,21.400000000000006
21,9,2.2197416196999997,1.98,42.67,43.06,54.62,19.53
22,9,2.1939288362499996,2.3,44.86,45.36,55.35,20.95
23,9,2.2268793629999992,1.98,47.09,47.34,56.2,20.57
24,9,2.2679030429499996,2.03,49.36,49.37,56.93,19.830000000000002
25,9,2.2226959771999995,2.22,51.58,51.59,57.68,21.61
26,9,2.1942390720499994,2.14,53.77,53.73,58.49,22.689999999999998
27,9,2.18083927645,2.37,55.95,56.1,59.27,23.309999999999995
28,9,2.2106902097000005,2.03,58.16,58.13,60.13,23.039999999999996
29,9,2.207551414449999,2.05,60.37,60.18,60.87,23.39
30,9,2.1750916367999995,2.11,62.55,62.29,61.61,24.259999999999998
31,9,2.2776748521999997,2.03,64.83,64.32,62.38,22.54
32,9,2.0394665825499994,1.82,66.87,66.14,63.11,26.85
33,9,2.1121249528,1.89,68.98,68.03,63.76,25.9
34,9,2.1771641757999998,2.09,71.16,70.12,64.44,25.03
35,9,2.1396942283,2.13,73.3,72.25,65.19,25.8
36,9,1.9766329992499994,2.26,75.28,74.51,65.95,28.23
37,9,2.0875844492499995,1.95,77.37,76.46,66.75,26.87
38,9,2.0678255369999996,1.81,79.44,78.27,67.45,27.26
39,9,2.06114519305,2.19,81.5,80.46,68.09,27.45
40,9,1.9719071472999998,1.82,83.47,82.28,68.86,28.69
41,9,2.0913824969999997,2.16,85.56,84.44,69.5,27.26
42,9,2.0512414288000005,2.03,87.61,86.47,70.26,27.88
43,9,2.1702407771999996,2.45,89.78,88.92,70.97,26.420000000000005
44,9,2.172094540699999,2.19,91.95,91.11,71.83,26.520000000000003
45,9,2.2650174549999997,2.4,94.22,93.51,72.6,25.35
46,9,2.2670299359500006,2.13,96.49,95.64,73.43,25.45
47,9,2.242005734199999,2.24,98.73,97.88,74.17,25.9
48,9,2.1907022742999995,2.4,100.92,100.28,74.94,26.67
49,9,2.274428611950001,2.08,103.19,102.36,75.77,25.669999999999998
50,9,2.3280387915499987,2.36,105.52,104.72,76.49,25.03
51,9,2.2528238154999998,2.54,107.77,107.26,77.3,26.13
52,9,2.277595496799999,2.08,110.05,109.34,78.16,25.9
53,9,2.2831042732,2.53,112.33,111.87,78.87,25.9
54,9,2.2925961411999993,2.3,114.62,114.17,79.73,25.86
55,9,2.196056502799999,2.44,116.82,116.61,80.51,27.1
56,9,2.209170036799999,2.32,119.03,118.93,81.34,27.0
57,9,2.2690305932,2.02,121.3,120.95,82.12,26.34
58,9,2.2208136699999996,2.07,123.52,123.02,82.8,26.949999999999996
59,9,2.2116976970500004,1.96,125.73,124.98,83.49,27.09
60,9,2.1004103469999995,2.04,127.83,127.02,84.15,28.34
61,9,2.2512582591999997,2.39,130.08,129.41,84.83,26.7
62,9,2.178775748199999,2.16,132.26,131.57,85.62,27.540000000000003
63,9,2.1843318117999995,2.01,134.44,133.58,86.34,27.5
64,9,2.237075541999999,2.42,136.68,136.0,87.0,26.939999999999998
65,9,2.083753217999999,1.94,138.76,137.94,87.8,28.580000000000002
66,9,2.1656786187999995,2.25,140.93,140.19,88.44,27.740000000000002
67,9,2.177894566199999,2.01,143.11,142.2,89.18,27.62
68,9,2.1091837499499997,2.38,145.22,144.58,89.83,28.33
69,9,2.2840322788000003,2.27,147.5,146.85,90.61,26.499999999999996
70,9,2.230612055499998,2.27,149.73,149.12,91.35,27.080000000000002
71,9,2.2240459205499996,1.96,151.95,151.08,92.09,27.150000000000002
72,9,2.146373775199998,2.24,154.1,153.32,92.72,27.94
73,9,2.314497068799999,2.09,156.41,155.41,93.44,26.19
74,9,2.2853500731999996,2.33,158.7,157.74,94.12,26.5
75,9,2.3623803462999993,2.13,161.06,159.87,94.86,25.67
76,9,2.3070324969999993,2.33,163.37,162.2,95.55,26.259999999999998
77,9,2.3223396940499996,2.05,165.69,164.25,96.29,26.089999999999996
78,9,2.2118537392999995,2.19,167.9,166.44,96.94,27.209999999999997
79,9,2.3000302787999996,2.32,170.2,168.76,97.64,26.3
80,9,2.3946088844500006,2.34,172.59,171.1,98.37,25.29
81,9,2.34598477605,2.54,174.94,173.64,99.11,25.789999999999996
82,9,2.369895549299999,2.35,177.31,175.99,99.91,25.52
83,9,2.376561196749999,2.2,179.69,178.19,100.65,25.43
84,9,2.1813012642999987,2.18,181.87,180.37,101.34,27.35
85,9,2.1104482902,1.83,183.98,182.2,102.02,27.98
86,9,2.30300823905,2.4,186.28,184.6,102.59,26.110000000000003
87,9,2.3664317657,2.13,188.65,186.73,103.33,25.440000000000005
88,9,2.2677986170499995,2.51,190.92,189.24,103.99,26.390000000000004
89,9,2.0994747357,1.99,193.02,191.23,104.77,27.92
90,9,2.265207812199999,2.41,195.29,193.64,105.38,26.340000000000003
