floor(cycle / (24 * 60)),pig.id,pig.target_dfi,pig.dfi,pig.target_cfi,pig.cfi,pig.weight,ET
0,13,1.7924420423514367,2.05,1.79,2.05,38.06,21.32
1,13,1.658648767170971,1.57,3.45,3.62,38.85,26.09552054598747
2,13,1.6757195204597584,1.77,5.13,5.39,39.45,26.09552054598747
3,13,1.718901936887437,1.88,6.85,7.27,40.12,25.55552054598747
4,13,1.6717620895878462,1.72,8.52,8.99,40.84,26.855520545987467
5,13,1.6670467238549054,1.44,10.19,10.43,41.49,27.165520545987466
6,13,1.7737833989208391,1.84,11.96,12.27,42.04,25.130000000000003
7,13,1.683839287105154,1.56,13.64,13.83,42.73,27.240000000000002
8,13,1.7275030935727254,1.58,15.37,15.41,43.32,26.59
9,13,1.7363668487296917,1.57,17.11,16.98,43.92,26.61
10,13,1.7443793409850739,1.52,18.85,18.5,44.51,26.639999999999997
11,13,1.808596421235459,1.99,20.66,20.49,45.08,25.529999999999998
12,13,1.8284734493970718,1.78,22.49,22.27,45.83,25.37
13,13,1.8159507788680411,1.56,24.31,23.83,46.49,25.85
14,13,1.7869471585412786,2.02,26.1,25.85,47.08,26.59
15,13,1.715684572560693,1.98,27.82,27.83,47.83,28.029999999999998
16,13,1.7671935230979259,1.58,29.59,29.41,48.56,27.33
17,13,1.86151720522215,1.68,31.45,31.09,49.15,25.75
18,13,1.8549489018948988,1.82,33.3,32.91,49.77,26.05
19,13,1.8249190052849829,1.93,35.12,34.84,50.44,26.77
20,13,1.7833560017999999,1.73,36.9,36.57,51.16,27.65
21,13,1.8151668135499996,1.71,38.72,38.28,51.79,27.33
22,13,1.8625299441999994,2.07,40.58,40.35,52.42,26.740000000000002
23,13,1.7991777596999996,1.95,42.38,42.3,53.18,28.009999999999998
24,13,1.8634212512999995,1.92,44.24,44.22,53.89,27.2
25,13,1.8409067452999999,1.69,46.08,45.91,54.59,27.76
26,13,1.897096381049999,2.08,47.98,47.99,55.21,27.05
27,13,1.9365652758,2.13,49.92,50.12,55.96,26.63
28,13,1.9330717049499997,1.93,51.85,52.05,56.73,26.91
29,13,2.00756291495,1.99,53.86,54.04,57.43,25.889999999999997
30,13,1.977211867499999,1.69,55.84,55.73,58.15,26.599999999999994
31,13,2.0679863719999996,1.82,57.91,57.55,58.75,25.26
32,13,2.0425986090499992,1.94,59.95,59.49,59.41,25.89
33,13,2.030158208,1.95,61.98,61.44,60.1,26.279999999999998
34,13,2.0079291199999987,1.8,63.99,63.24,60.8,26.8
35,13,2.0771317407999996,2.13,66.07,65.37,61.44,25.88
36,13,1.9447796370000001,1.9,68.01,67.27,62.2,28.01
37,13,1.9950404756999989,1.79,70.01,69.06,62.87,27.44
38,13,2.0361326629999987,2.3,72.05,71.36,63.5,26.98
39,13,2.0914316272,1.84,74.14,73.2,64.32,26.34
40,13,2.1396124048000003,2.06,76.28,75.26,64.96,25.75
41,13,2.16315160455,2.01,78.44,77.27,65.69,25.549999999999997
42,13,2.1744223475500006,2.33,80.61,79.6,66.39,25.529999999999998
43,13,2.0861458110499997,2.07,82.7,81.67,67.21,26.97
44,13,2.1072977196999996,2.15,84.81,83.82,67.93,26.8
45,13,2.0941727571999986,1.84,86.9,85.66,68.68,27.1
46,13,1.990374199199999,1.75,88.89,87.41,69.32,28.520000000000003
47,13,1.9731073791999996,2.27,90.86,89.68,69.92,28.800000000000004
48,13,1.9719471897999996,1.9,92.83,91.58,70.71,28.900000000000002
49,13,2.0506987887999992,2.22,94.88,93.8,71.36,28.020000000000003
50,13,2.0437284981999997,2.22,96.92,96.02,72.12,28.190000000000005
51,13,2.002244352299999,1.84,98.92,97.86,72.89,28.759999999999998
52,13,2.1065963565500003,1.83,101.03,99.69,73.51,27.570000000000004
53,13,2.0436474042999992,1.94,103.07,101.63,74.14,28.39
54,13,2.1824252719999997,2.31,105.25,103.94,74.8,26.759999999999998
55,13,2.0713968206999995,2.15,107.32,106.09,75.58,28.189999999999998
56,13,2.106392719300001,1.86,109.43,107.95,76.31,27.839999999999996
57,13,2.158611274300001,2.13,111.59,110.08,76.94,27.269999999999996
58,13,2.1385475593,2.18,113.73,112.26,77.66,27.569999999999997
59,13,2.2637759038,2.39,115.99,114.65,78.39,26.099999999999998
60,13,2.1982139679999997,2.32,118.19,116.97,79.2,26.98
61,13,2.25994093145,2.17,120.45,119.14,79.97,26.290000000000003
62,13,2.2300324794999997,2.4,122.68,121.54,80.7,26.71
63,13,2.3572822045499993,2.64,125.04,124.18,81.49,25.19
64,13,2.333199041449999,2.14,127.37,126.32,82.37,25.57
65,13,2.3518459881999996,2.54,129.72,128.86,83.08,25.39
66,13,2.2731857791999994,2.15,131.99,131.01,83.92,26.4
67,13,2.1920303571999993,2.04,134.18,133.05,84.62,27.36
68,13,2.2859576533000006,2.23,136.47,135.28,85.29,26.32
69,13,2.2887700732,2.41,138.76,137.69,86.02,26.320000000000004
70,13,2.2722193517999987,2.23,141.03,139.92,86.81,26.54
71,13,2.2302414073,2.45,143.26,142.37,87.54,27.029999999999998
72,13,2.2032042382,2.12,145.46,144.49,88.33,27.34
73,13,2.3459396957,2.31,147.81,146.8,89.02,25.770000000000003
74,13,2.3755173928,2.11,150.19,148.91,89.76,25.450000000000003
75,13,2.402929965799999,2.11,152.59,151.02,90.44,25.150000000000002
76,13,2.369873473199999,2.54,154.96,153.56,91.12,25.55
77,13,2.2778147491999987,2.25,157.24,155.81,91.93,26.58
78,13,2.2219999492499993,1.94,159.46,157.75,92.65,27.17
79,13,2.3914062112,2.48,161.85,160.23,93.27,25.34
80,13,2.4308685157999994,2.66,164.28,162.89,94.06,24.9
81,13,2.2905284320000003,2.07,166.57,164.96,94.9,26.439999999999998
82,13,2.3547972657999994,2.32,168.92,167.28,95.56,25.75
83,13,2.2529578120499996,2.36,171.17,169.64,96.29,26.81
84,13,2.2316326889499987,2.08,173.4,171.72,97.03,27.01
85,13,2.187500909199999,2.47,175.59,174.19,97.68,27.43
86,13,2.000339009499999,1.88,177.59,176.07,98.45,29.16
87,13,1.9103063447999993,1.7,179.5,177.77,99.04,29.93
88,13,1.8488812799499987,1.61,181.35,179.38,99.57,30.43
89,13,1.8666066459499993,1.77,183.22,181.15,100.07,30.25
90,13,1.8403573432,1.84,185.06,182.99,100.62,30.44
