floor(cycle / (24 * 60)),pig.id,pig.target_dfi,pig.dfi,pig.target_cfi,pig.cfi,pig.weight,ET
0,4,1.8253587279999999,1.77,1.83,1.77,42.0,21.32
1,4,1.8458933142999998,2.05,3.68,3.82,42.69,21.32
2,4,1.8178403102,2.0,5.5,5.82,43.48,23.069999999999997
3,4,1.9166671562499993,2.07,7.42,7.89,44.25,20.25
4,4,1.8957355107999996,1.92,9.32,9.81,45.04,21.97
5,4,1.9335925566999996,1.72,11.25,11.53,45.78,21.369999999999997
6,4,1.9786137388000002,1.95,13.23,13.48,46.44,20.34
7,4,1.9192065072,2.09,15.15,15.57,47.18,23.0
8,4,2.0055120976999996,2.21,17.16,17.78,47.98,20.97
9,4,1.9796252246999995,1.82,19.14,19.6,48.82,22.49
10,4,1.9391315582999993,2.18,21.08,21.78,49.51,23.96
11,4,2.0425736212,2.17,23.12,23.95,50.33,21.78
12,4,2.1054257342499993,1.89,25.23,25.84,51.15,20.430000000000003
13,4,2.079455763799999,2.28,27.31,28.12,51.86,21.82
14,4,2.1071806892,2.1,29.42,30.22,52.72,21.630000000000003
15,4,2.1802414404999997,2.37,31.6,32.59,53.5,19.930000000000003
16,4,2.1216398487999992,1.92,33.72,34.51,54.39,22.300000000000004
17,4,2.1772028369999994,1.89,35.9,36.4,55.1,21.260000000000005
18,4,2.2261488699999985,2.01,38.13,38.41,55.8,20.300000000000004
19,4,2.200286316999999,2.45,40.33,40.86,56.55,21.540000000000006
20,4,2.1573220967499998,1.95,42.49,42.81,57.45,23.030000000000005
21,4,2.1684139319499995,1.87,44.66,44.68,58.17,23.11
22,4,2.2286766148000003,2.01,46.89,46.69,58.86,22.08
23,4,2.3013098299999992,2.15,49.19,48.84,59.6,20.65
24,4,2.2681811696999996,2.43,51.46,51.27,60.38,21.889999999999997
25,4,2.2856451812,2.39,53.75,53.66,61.27,21.899999999999995
26,4,2.3288170837999997,2.62,56.08,56.28,62.14,21.299999999999997
27,4,2.2879488343000003,2.33,58.37,58.61,63.09,22.599999999999998
28,4,2.3110725486999995,2.53,60.68,61.14,63.93,22.439999999999998
29,4,2.4216303548,2.31,63.1,63.45,64.84,20.34
30,4,2.3412905429499995,2.24,65.44,65.69,65.67,22.450000000000003
31,4,2.4409877371999986,2.61,67.88,68.3,66.47,20.62
32,4,2.17923024055,2.43,70.06,70.73,67.41,25.67
33,4,2.1906165244499998,2.0,72.25,72.73,68.27,25.67
34,4,2.1516258311999996,2.01,74.4,74.74,68.98,26.36
35,4,2.2377800562999997,1.96,76.64,76.7,69.69,25.240000000000002
36,4,2.1681308823,1.98,78.81,78.68,70.39,26.36
37,4,2.2090400691999994,2.16,81.02,80.84,71.08,25.9
38,4,2.2639734847999997,2.48,83.28,83.32,71.84,25.240000000000002
39,4,2.1931506903,2.12,85.47,85.44,72.71,26.36
40,4,2.21032753675,2.23,87.68,87.67,73.45,26.23
41,4,2.2012388449499993,2.46,89.88,90.13,74.23,26.450000000000003
42,4,2.1959272077999996,2.32,92.08,92.45,75.09,26.62
43,4,2.1861765075499995,2.01,94.27,94.46,75.89,26.830000000000002
44,4,2.2180632717999997,1.92,96.49,96.38,76.59,26.5
45,4,2.13576968425,2.18,98.63,98.56,77.25,27.57
46,4,2.0624735979999986,2.18,100.69,100.74,78.0,28.47
47,4,2.20271045575,1.98,102.89,102.72,78.75,26.89
48,4,2.1599045159499997,2.08,105.05,104.8,79.43,27.45
49,4,2.0925365797999986,2.05,107.14,106.85,80.14,28.26
50,4,2.2349757341999994,2.45,109.37,109.3,80.83,26.66
51,4,2.1400209969499984,2.41,111.51,111.71,81.67,27.81
52,4,2.083024545199999,2.26,113.59,113.97,82.48,28.47
53,4,2.12455470625,2.31,115.71,116.28,83.25,28.05
54,4,2.1818182087,2.08,117.89,118.36,84.02,27.45
55,4,2.2733063151999993,2.07,120.16,120.43,84.72,26.44
56,4,2.2976141266999988,2.47,122.46,122.9,85.42,26.19
57,4,2.1813199127999994,2.45,124.64,125.35,86.24,27.53
58,4,2.1532003783,2.0,126.79,127.35,87.06,27.85
59,4,2.2569216651999993,2.46,129.05,129.81,87.72,26.74
60,4,2.1724521283000002,2.39,131.22,132.2,88.54,27.669999999999998
61,4,2.2547229471999994,2.22,133.47,134.42,89.32,26.799999999999997
62,4,2.4204758292999995,2.18,135.89,136.6,90.06,24.93
63,4,2.2611797599500005,2.27,138.15,138.87,90.77,26.75
64,4,2.406231063799999,2.51,140.56,141.38,91.51,25.14
65,4,2.4077256531999995,2.66,142.97,144.04,92.33,25.14
66,4,2.408948212,2.43,145.38,146.47,93.2,25.14
67,4,2.371337682549999,2.53,147.75,149.0,93.99,25.57
68,4,2.2619005467999993,2.27,150.01,151.27,94.81,26.74
69,4,2.2918126457999985,2.32,152.3,153.59,95.54,26.42
70,4,2.193333817049999,2.49,154.49,156.08,96.29,27.41
71,4,2.2680636832,2.54,156.76,158.62,97.08,26.64
72,4,2.1183076344999985,2.05,158.88,160.67,97.9,28.09
73,4,2.1938661219999993,1.99,161.07,162.66,98.55,27.34
74,4,2.1967479336999993,1.97,163.27,164.63,99.18,27.290000000000003
75,4,2.1293498825499992,2.26,165.4,166.89,99.81,27.91
76,4,2.2498867631999997,2.1,167.65,168.99,100.52,26.720000000000002
77,4,2.2194844100499984,2.05,169.87,171.04,101.19,26.990000000000002
78,4,2.4282964829499982,2.63,172.3,173.67,101.83,24.85
79,4,2.344538320299998,2.26,174.64,175.93,102.66,25.690000000000005
80,4,2.2118703168,2.42,176.85,178.35,103.36,26.96
81,4,2.150878428199999,2.27,179.0,180.62,104.12,27.490000000000006
82,4,2.0734531004499988,1.97,181.07,182.59,104.83,28.150000000000002
83,4,2.1790192407999984,2.33,183.25,184.92,105.44,27.150000000000002
84,4,2.0143235927999985,1.72,185.26,186.64,106.16,28.580000000000002
85,4,2.0828085988,2.04,187.34,188.68,106.69,27.94
86,4,2.205812881199999,1.98,189.55,190.66,107.32,26.78
87,4,2.195864922949999,2.43,191.75,193.09,107.93,26.830000000000002
88,4,2.247369529199999,2.43,194.0,195.52,108.67,26.300000000000004
89,4,2.1575425955499994,2.41,196.16,197.93,109.41,27.07
90,4,2.195388549249999,2.46,198.36,200.39,110.15,26.67
