floor(cycle / (24 * 60)),pig.id,pig.target_dfi,pig.dfi,pig.target_cfi,pig.cfi,pig.weight,ET
0,2,1.8550424280000002,1.69,1.86,1.69,43.0,21.32
1,2,1.8746541386999998,1.65,3.73,3.34,43.67,21.32
2,2,1.8684619912,1.93,5.6,5.27,44.32,22.209999999999997
3,2,1.9064074232000003,1.63,7.51,6.9,45.08,21.639999999999997
4,2,1.8460234851999997,1.76,9.36,8.66,45.72,23.939999999999998
5,2,1.937699751549999,1.83,11.3,10.49,46.41,21.83
6,2,1.9088215632,1.66,13.21,12.15,47.12,23.24
7,2,1.9686146914499998,2.04,15.18,14.19,47.77,22.009999999999998
8,2,1.9942668888000001,2.12,17.17,16.31,48.56,21.86
9,2,1.9875331510499996,2.02,19.16,18.33,49.39,22.67
10,2,2.0317229682,1.97,21.19,20.3,50.17,21.979999999999997
11,2,2.0209267549499996,1.85,23.21,22.15,50.93,22.79
12,2,2.0139525988000004,1.75,25.22,23.9,51.64,23.379999999999995
13,2,2.0719907512,2.25,27.29,26.15,52.32,22.33
14,2,2.0923802117,2.36,29.38,28.51,53.18,22.33
15,2,2.042913379199999,1.99,31.42,30.5,54.08,23.96
16,2,2.159179079800001,2.38,33.58,32.88,54.84,21.59
17,2,2.17105876425,1.96,35.75,34.84,55.75,21.83
18,2,2.17158956155,1.97,37.92,36.81,56.49,22.23
19,2,2.1291413907999996,1.96,40.05,38.77,57.24,23.54
20,2,2.209660447699999,1.92,42.26,40.69,57.98,22.090000000000003
21,2,2.1856824704999998,2.26,44.45,42.95,58.7,22.97
22,2,2.253668199249999,2.13,46.7,45.08,59.55,21.830000000000002
23,2,2.2893841617499993,2.41,48.99,47.49,60.35,21.37
24,2,2.2286787057499997,2.2,51.22,49.69,61.25,23.11
25,2,2.24393331745,2.35,53.46,52.04,62.07,23.11
26,2,2.2304603442999986,2.34,55.69,54.38,62.94,23.67
27,2,2.3020268368,2.12,57.99,56.5,63.81,22.58
28,2,2.340415339299999,2.32,60.33,58.82,64.59,22.08
29,2,2.3557860504999995,2.18,62.69,61.0,65.45,22.08
30,2,2.27759957325,2.12,64.97,63.12,66.25,23.810000000000002
31,2,2.4068667487000006,2.58,67.38,65.7,67.02,21.59
32,2,2.1866860609499996,2.26,69.57,67.96,67.97,25.67
33,2,2.21217105355,2.31,71.78,70.27,68.79,25.45
34,2,2.1743534744499993,2.44,73.95,72.71,69.63,26.149999999999995
35,2,2.1541254265500003,2.02,76.1,74.73,70.51,26.57
36,2,2.117470488799999,2.29,78.22,77.02,71.24,27.16
37,2,2.0375033761999983,1.82,80.26,78.84,72.07,28.26
38,2,2.191010285199999,2.25,82.45,81.09,72.72,26.39
39,2,2.1607488854499994,2.45,84.61,83.54,73.53,26.89
40,2,2.1480833799999997,2.2,86.76,85.74,74.4,27.15
41,2,2.0787716830500003,2.14,88.84,87.88,75.19,28.07
42,2,2.1029620137500005,1.83,90.94,89.71,75.95,27.85
43,2,2.226787707,2.36,93.17,92.07,76.6,26.39
44,2,2.1420582434499997,2.25,95.31,94.32,77.43,27.509999999999998
45,2,2.28356746945,2.03,97.59,96.35,78.23,25.83
46,2,2.2277785608000005,2.46,99.82,98.81,78.94,26.599999999999998
47,2,2.1175824519999993,2.25,101.94,101.06,79.8,27.96
48,2,2.2938224752999994,2.43,104.23,103.49,80.59,25.919999999999998
49,2,2.2502047168,2.28,106.48,105.77,81.44,26.52
50,2,2.3907967101999987,2.63,108.87,108.4,82.23,24.82
51,2,2.2310360062999988,2.16,111.1,110.56,83.14,26.85
52,2,2.2124679237999993,1.96,113.31,112.52,83.89,27.1
53,2,2.2370936908,2.5,115.55,115.02,84.56,26.85
54,2,2.303578711199999,2.49,117.85,117.51,85.42,26.119999999999997
55,2,2.2546486191999993,2.4,120.1,119.91,86.28,26.72
56,2,2.315037957,2.14,122.42,122.05,87.1,26.059999999999995
57,2,2.305151236700001,2.11,124.73,124.16,87.83,26.199999999999996
58,2,2.3255037403,2.03,127.06,126.19,88.54,25.99
59,2,2.152036273949999,2.1,129.21,128.29,89.23,27.889999999999997
60,2,2.2370885607999993,2.03,131.45,130.32,89.94,27.0
61,2,2.0879420872,1.81,133.54,132.13,90.63,28.54
62,2,2.1670889507999993,2.18,135.71,134.31,91.24,27.740000000000002
63,2,2.1805440876999986,2.17,137.89,136.48,91.97,27.6
64,2,2.3668169080499992,2.58,140.26,139.06,92.69,25.610000000000003
65,2,2.346679116799999,2.38,142.61,141.44,93.56,25.84
66,2,2.1701370504999993,1.93,144.78,143.37,94.35,27.68
67,2,2.2578395627999988,2.19,147.04,145.56,94.99,26.78
68,2,2.0498600765499995,2.07,149.09,147.63,95.71,28.810000000000002
69,2,2.200116172,2.16,151.29,149.79,96.4,27.34
70,2,2.195267817549999,2.07,153.49,151.86,97.11,27.369999999999997
71,2,2.06984941605,2.14,155.56,154.0,97.79,28.549999999999997
72,2,2.3738419775499997,2.47,157.93,156.47,98.49,25.509999999999994
73,2,2.1839177695000003,2.29,160.11,158.76,99.3,27.409999999999997
74,2,2.125090362799998,2.09,162.24,160.85,100.04,27.94
75,2,2.052255679199998,2.2,164.29,163.05,100.72,28.580000000000002
76,2,2.189258917449998,2.25,166.48,165.3,101.43,27.270000000000003
77,2,2.276611942799999,2.58,168.76,167.88,102.16,26.39
78,2,2.27077600255,2.47,171.03,170.35,102.99,26.410000000000004
79,2,2.1894111976999993,1.97,173.22,172.32,103.78,27.15
80,2,2.2436673791999997,2.27,175.46,174.59,104.42,26.6
81,2,2.1723800612999984,1.91,177.63,176.5,105.14,27.23
82,2,2.3288694249999997,2.5,179.96,179.0,105.75,25.700000000000003
83,2,2.1876527648,1.94,182.15,180.94,106.54,27.0
84,2,2.2864454877999987,2.39,184.44,183.33,107.16,26.029999999999998
85,2,2.1884050318,2.01,186.63,185.34,107.91,26.9
86,2,2.3146098442499996,2.6,188.94,187.94,108.55,25.67
87,2,2.0562351987999987,1.89,191.0,189.83,109.36,27.970000000000002
88,2,2.054005130799998,2.1,193.05,191.93,109.96,27.94
89,2,2.2024032200499994,2.06,195.25,193.99,110.61,26.570000000000004
90,2,2.1565961913,1.99,197.41,195.98,111.26,26.93
