floor(cycle / (24 * 60)),pig.id,pig.target_dfi,pig.dfi,pig.target_cfi,pig.cfi,pig.weight,ET
0,10,1.574633976667159,1.32,1.57,1.32,35.94,18.79
1,10,1.5906150032172028,1.52,3.16,2.84,36.47,18.79
2,10,1.6091455706731377,1.4,4.77,4.24,37.09,19.39
3,10,1.6259620248875166,1.91,6.4,6.15,37.65,18.5
4,10,1.648760489190491,1.62,8.05,7.77,38.42,19.12
5,10,1.6680618426815759,1.73,9.72,9.5,39.07,17.830000000000002
6,10,1.6886182687420994,1.96,11.41,11.46,39.77,17.919999999999998
7,10,1.7112736679614615,1.5,13.12,12.96,40.55,19.060000000000002
8,10,1.7284732022044567,1.75,14.85,14.71,41.15,19.820000000000004
9,10,1.74860590663401,1.79,16.6,16.5,41.84,19.16
10,10,1.7692956294045816,2.0,18.37,18.5,42.56,19.16
11,10,1.7912583088117526,1.71,20.16,20.21,43.35,20.33
12,10,1.811031348197584,1.75,21.97,21.96,44.02,18.669999999999998
13,10,1.8303917809165804,1.67,23.8,23.63,44.71,19.279999999999998
14,10,1.848438110507382,1.98,25.65,25.61,45.37,20.14
15,10,1.8705725834541123,2.03,27.52,27.64,46.15,19.73
16,10,1.8909091690087472,1.85,29.41,29.49,46.94,20.93
17,10,1.9109906396953957,1.87,31.32,31.36,47.67,20.929999999999996
18,10,1.9228618588888733,2.03,33.24,33.39,48.39,22.36
19,10,1.9544862299988734,1.93,35.19,35.32,49.18,19.44
20,10,1.9751598806192836,2.23,37.17,37.55,49.93,19.12
21,10,1.9979636173605373,1.71,39.17,39.26,50.79,19.8
22,10,2.0118132882916453,2.15,41.18,41.41,51.45,21.28
23,10,2.036780334175451,2.03,43.22,43.44,52.28,20.490000000000002
24,10,2.053551390575357,2.11,45.27,45.55,53.06,21.41
25,10,2.0494237451308224,2.07,47.32,47.62,53.87,23.169999999999998
26,10,2.0832326707913946,2.05,49.4,49.67,54.66,22.46
27,10,2.107625869859685,2.27,51.51,51.94,55.44,22.14
28,10,2.122619835639927,2.36,53.63,54.3,56.3,22.53
29,10,2.1563570728494232,2.11,55.79,56.41,57.19,21.77
30,10,2.1629334173590458,2.11,57.95,58.52,57.99,22.57
31,10,2.190794757185306,1.96,60.14,60.48,58.78,22.12
32,10,2.211053316443615,2.38,62.35,62.86,59.52,21.990000000000002
33,10,2.247838515296861,2.24,64.6,65.1,60.41,20.520000000000003
34,10,2.269037314384131,2.11,66.87,67.21,61.25,20.52
35,10,2.2826537537565725,2.18,69.15,69.39,62.03,21.250000000000004
36,10,2.312807719115619,2.14,71.46,71.53,62.84,19.570000000000004
37,10,2.3304313180229634,2.63,73.79,74.16,63.63,20.180000000000007
38,10,2.357312547031357,2.14,76.15,76.3,64.6,19.450000000000003
39,10,2.379385593714452,2.66,78.53,78.96,65.39,17.67
40,10,2.3997747968259975,2.34,80.93,81.3,66.37,19.880000000000003
41,10,2.422553312154903,2.72,83.35,84.02,67.22,19.390000000000004
42,10,2.4481382331143826,2.33,85.8,86.35,68.21,18.92
43,10,2.4601842894067274,2.48,88.26,88.83,69.06,20.6
44,10,2.4913066734532916,2.52,90.75,91.35,69.96,18.810000000000006
45,10,2.5140966646352325,2.66,93.26,94.01,70.87,18.500000000000004
46,10,2.5345583509705474,2.31,95.79,96.32,71.82,19.430000000000003
47,10,2.5493025342023157,2.54,98.34,98.86,72.65,20.220000000000002
48,10,2.570085562083572,2.65,100.91,101.51,73.56,20.29
49,10,2.576694267213019,2.85,103.49,104.36,74.5,21.25
50,10,2.6143190112907098,2.38,106.1,106.74,75.52,20.42
51,10,2.630194706067986,2.71,108.73,109.45,76.36,20.660000000000004
52,10,2.6581442853113475,2.51,111.39,111.96,77.31,20.220000000000002
53,10,2.678098178159639,2.69,114.07,114.65,78.2,20.260000000000005
54,10,2.708015253921763,2.84,116.78,117.49,79.14,19.390000000000004
55,10,2.7348110189441095,2.71,119.51,120.2,80.13,18.610000000000007
56,10,2.757346142020216,3.01,122.27,123.21,81.07,18.420000000000005
57,10,2.7700311468722965,2.75,125.04,125.96,82.11,20.030000000000005
58,10,2.7998043155213677,2.88,127.84,128.84,83.06,19.190000000000005
59,10,2.820103932803347,2.58,130.66,131.42,84.06,19.500000000000004
60,10,2.8161058041784384,2.72,133.48,134.14,84.94,20.860000000000007
61,10,2.8363087882212565,2.56,136.32,136.7,85.87,20.850000000000005
62,10,2.8852366875264535,2.99,139.21,139.69,86.74,18.940000000000005
63,10,2.908924521709556,2.96,142.12,142.65,87.76,18.840000000000003
64,10,2.8959414181787753,2.95,145.02,145.6,88.76,20.900000000000002
65,10,2.9066049312073816,2.9,147.93,148.5,89.75,21.180000000000003
66,10,2.956219477653057,2.88,150.89,151.38,90.72,20.210000000000004
67,10,2.9769484601832956,2.72,153.87,154.1,91.68,20.200000000000003
68,10,2.971860279069923,2.93,156.84,157.03,92.59,20.990000000000002
69,10,3.0340637159486104,3.15,159.87,160.18,93.56,19.240000000000002
70,10,3.024156528572033,3.02,162.89,163.2,94.6,20.680000000000003
71,10,3.057925562438806,2.88,165.95,166.08,95.6,20.26
72,10,3.09778946303573,2.96,169.05,169.04,96.54,19.3
73,10,3.1075437489373208,3.32,172.16,172.36,97.51,19.88
74,10,3.1536222290073304,2.97,175.31,175.33,98.59,18.09
75,10,3.143202847206071,3.11,178.45,178.44,99.55,20.13
76,10,3.079054258068833,3.06,181.53,181.5,100.56,21.919999999999995
77,10,3.1847048592650102,3.2,184.71,184.7,101.54,20.099999999999998
78,10,3.1507639000018766,3.0,187.86,187.7,102.57,21.34
79,10,3.1000446505068613,3.29,190.96,190.99,103.52,22.41
80,10,3.1114671061182735,3.1,194.07,194.09,104.57,22.509999999999998
81,10,3.099085656409659,3.1,197.17,197.19,105.55,22.909999999999997
82,10,3.225735130286321,3.51,200.4,200.7,106.53,21.319999999999993
83,10,3.1640134202640553,3.34,203.56,204.04,107.63,22.519999999999992
84,10,3.247798593285879,3.22,206.81,207.26,108.67,21.589999999999993
85,10,3.325470903110077,3.34,210.14,210.6,109.67,20.569999999999993
86,10,3.24317918369975,3.15,213.38,213.75,110.71,22.169999999999995
87,10,3.3049486316130543,3.48,216.68,217.23,111.68,21.539999999999992
88,10,3.382359456029742,3.1,220.06,220.33,112.75,20.589999999999996
89,10,3.318494713391936,3.28,223.38,223.61,113.7,21.849999999999994
90,10,3.4106233052682917,3.58,226.79,227.19,114.7,20.729999999999993
