floor(cycle / (24 * 60)),pig.id,pig.target_dfi,pig.dfi,pig.target_cfi,pig.cfi,pig.weight,ET
0,8,1.7094339250127824,1.88,1.71,1.88,37.62,21.32
1,8,1.5600879252108537,1.58,3.27,3.46,38.32,28.802570299916187
2,8,1.5658568524649086,1.7,4.84,5.16,38.91,28.99257029991619
3,8,1.5101950609445431,1.4,6.35,6.56,39.55,30.630000000000003
4,8,1.5457947913804575,1.49,7.9,8.05,40.07,30.07
5,8,1.5517299927165107,1.76,9.45,9.81,40.62,30.14
6,8,1.5835203711721217,1.74,11.03,11.55,41.27,29.61
7,8,1.6281877590310394,1.7,12.66,13.25,41.91,28.790000000000003
8,8,1.6136155548196403,1.43,14.27,14.68,42.54,29.310000000000006
9,8,1.6286761426307723,1.81,15.9,16.49,43.07,29.130000000000003
10,8,1.7153914784742608,1.72,17.62,18.21,43.73,27.380000000000003
11,8,1.7074492811450415,1.8,19.33,20.01,44.36,27.76
12,8,1.7322129944319808,1.97,21.06,21.98,45.02,27.41
13,8,1.7123252293001814,1.75,22.77,23.73,45.74,28.07
14,8,1.6853631513454836,1.77,24.46,25.5,46.38,28.84
15,8,1.656229243643086,1.73,26.12,27.23,47.02,29.64
16,8,1.6409712101378846,1.88,27.76,29.11,47.65,30.13
17,8,1.7289502807393264,1.52,29.49,30.63,48.33,28.45
18,8,1.6955931135590936,1.81,31.19,32.44,48.88,29.299999999999997
19,8,1.7910415309174632,1.89,32.98,34.33,49.53,27.47
20,8,1.8391241974846952,1.64,34.82,35.97,50.21,26.64
21,8,1.8620538409255578,1.98,36.68,37.95,50.8,26.319999999999997
22,8,1.8758573150603488,1.89,38.56,39.84,51.51,26.309999999999995
23,8,1.919355947346035,1.79,40.48,41.63,52.19,25.680000000000003
24,8,1.8917132716974576,2.16,42.37,43.79,52.83,26.56
25,8,1.9069540092957586,1.78,44.28,45.57,53.59,26.57
26,8,1.8907668027911868,1.99,46.17,47.56,54.23,27.160000000000004
27,8,1.9639673740443993,2.21,48.13,49.77,54.93,25.97
28,8,1.9855686294747217,2.25,50.12,52.02,55.71,25.86
29,8,2.015687035697755,1.75,52.14,53.77,56.5,25.580000000000002
30,8,1.909304779140773,1.83,54.05,55.6,57.12,27.900000000000002
31,8,1.8534570456862214,2.0,55.9,57.6,57.76,29.180000000000003
32,8,1.9026206454552037,1.72,57.8,59.32,58.46,28.500000000000004
33,8,1.8920754250602065,1.85,59.69,61.17,59.06,28.900000000000002
34,8,1.9207205877757143,2.13,61.61,63.3,59.71,28.59
35,8,1.9358343680811891,1.79,63.55,65.09,60.45,28.560000000000002
36,8,1.961440934782378,1.89,65.51,66.98,61.07,28.300000000000004
37,8,1.912513012722337,1.74,67.42,68.72,61.72,29.390000000000004
38,8,1.9078001900606436,1.63,69.33,70.35,62.32,29.660000000000004
39,8,1.8846228207048545,2.09,71.21,72.44,62.88,30.240000000000006
40,8,1.870449133883845,1.83,73.08,74.27,63.6,30.700000000000003
41,8,1.8784662128975302,1.67,74.96,75.94,64.23,30.740000000000002
42,8,1.9310559956781077,2.03,76.89,77.97,64.8,29.99
43,8,1.9264270723160781,1.79,78.82,79.76,65.5,30.27
44,8,1.9977312855882343,2.04,80.82,81.8,66.1,29.220000000000002
45,8,1.9229321243450603,1.64,82.74,83.44,66.8,30.689999999999998
46,8,1.9892654252658881,2.11,84.73,85.55,67.35,29.72
47,8,2.0143016605193758,2.07,86.74,87.62,68.07,29.499999999999996
48,8,2.0902313300893547,2.33,88.83,89.95,68.77,28.43
49,8,1.967814520314198,1.79,90.8,91.74,69.55,30.67
50,8,2.024214428621631,1.96,92.82,93.7,70.15,29.9
51,8,2.043436983974809,1.83,94.86,95.53,70.81,29.759999999999998
52,8,2.049563170515365,1.77,96.91,97.3,71.42,29.819999999999997
53,8,2.1155204201283238,2.3,99.03,99.6,72.01,28.91
54,8,2.0756716757092644,2.36,101.11,101.96,72.78,29.75
55,8,2.1340833988464243,2.03,103.24,103.99,73.56,29.02
56,8,2.120250822077789,2.09,105.36,106.08,74.23,29.409999999999997
57,8,2.209732459693694,2.17,107.57,108.25,74.92,28.18
58,8,2.222981971044347,2.31,109.79,110.56,75.64,28.160000000000004
59,8,2.232979309065079,1.99,112.02,112.55,76.4,28.2
60,8,2.1181095255974527,2.1,114.14,114.65,77.05,30.13
61,8,2.0755894198716827,2.22,116.22,116.87,77.74,30.94
62,8,2.0802616103963993,2.21,118.3,119.08,78.46,31.03
63,8,2.1604320854014194,1.99,120.46,121.07,79.18,29.98
64,8,2.12144060503953,2.29,122.58,123.36,79.82,30.71
65,8,2.215687913583263,2.45,124.8,125.81,80.57,29.470000000000002
66,8,2.349349250124711,2.11,127.15,127.92,81.36,27.67
67,8,2.281497731901373,2.17,129.43,130.09,82.03,28.83
68,8,2.2370233714276306,2.49,131.67,132.58,82.73,29.639999999999997
69,8,2.191923219476879,1.9,133.86,134.48,83.53,30.469999999999995
70,8,2.328560613445623,2.24,136.19,136.72,84.13,28.619999999999997
71,8,2.2520714376693323,2.18,138.44,138.9,84.85,29.88
72,8,2.196458603460892,2.18,140.64,141.08,85.54,30.82
73,8,2.279380156021431,2.42,142.92,143.5,86.23,29.78
74,8,2.242389641475665,2.03,145.16,145.53,86.99,30.46
75,8,2.2230332568400124,2.28,147.38,147.81,87.63,30.86
76,8,2.2974652733127288,2.2,149.68,150.01,88.35,29.959999999999997
77,8,2.2592022093947723,1.96,151.94,151.97,89.04,30.63
78,8,2.3161449914734686,2.52,154.26,154.49,89.65,29.959999999999997
79,8,2.3834140454882853,2.09,156.64,156.58,90.44,29.189999999999998
80,8,2.462335164673197,2.74,159.1,159.32,91.09,28.24
81,8,2.422267176584812,2.69,161.52,162.01,91.94,28.96
82,8,2.427782100388084,2.46,163.95,164.47,92.77,29.050000000000004
83,8,2.438845652589197,2.71,166.39,167.18,93.53,29.05
84,8,2.581818223839214,2.63,168.97,169.81,94.36,27.299999999999997
85,8,2.5331956882280324,2.47,171.5,172.28,95.16,28.11
86,8,2.55889509645597,2.82,174.06,175.1,95.92,27.92
87,8,2.6073706073790572,2.45,176.67,177.55,96.77,27.45
88,8,2.7333116170173035,2.64,179.4,180.19,97.52,25.95
89,8,2.6061646957523905,2.35,182.01,182.54,98.32,27.769999999999996
90,8,2.6134692807798325,2.59,184.62,185.13,99.02,27.810000000000002
