floor(cycle / (24 * 60)),pig.id,pig.target_dfi,pig.dfi,pig.target_cfi,pig.cfi,pig.weight,ET
0,17,1.698492055308768,1.72,1.7,1.72,37.27,21.32
1,17,1.628356738288404,1.46,3.33,3.18,37.96,26.879707903644643
2,17,1.5987333114928794,1.42,4.93,4.6,38.55,27.99970790364464
3,17,1.6445890124750004,1.51,6.57,6.11,39.12,27.20970790364464
4,17,1.6572916428850404,1.39,8.23,7.5,39.72,27.259707903644642
5,17,1.6942275727772709,1.51,9.92,9.01,40.28,26.669999999999998
6,17,1.7177141594290735,1.46,11.64,10.47,40.88,26.3
7,17,1.6870507514314466,1.54,13.33,12.01,41.46,27.28
8,17,1.694644331759478,1.73,15.02,13.74,42.07,27.310000000000002
9,17,1.7177734430914102,1.47,16.74,15.21,42.76,27.000000000000004
10,17,1.6551007121350538,1.39,18.4,16.6,43.34,28.62
11,17,1.7000408943988443,1.52,20.1,18.12,43.89,27.78
12,17,1.7123695334545042,1.91,21.81,20.03,44.49,27.69
13,17,1.6850858499386576,1.92,23.5,21.95,45.24,28.520000000000003
14,17,1.6308590674002659,1.43,25.13,23.38,46.0,29.910000000000004
15,17,1.6914182790135635,1.58,26.82,24.96,46.56,28.76
16,17,1.6604554963145082,1.71,28.48,26.67,47.17,29.590000000000003
17,17,1.6929183104673047,1.49,30.17,28.16,47.84,29.080000000000005
18,17,1.776139858750413,1.81,31.95,29.97,48.42,27.470000000000006
19,17,1.7671742420261942,1.51,33.72,31.48,49.12,27.860000000000007
20,17,1.7896593474437437,1.85,35.51,33.33,49.71,27.550000000000004
21,17,1.8356230978480041,1.94,37.35,35.27,50.43,26.780000000000005
22,17,1.879203854542193,2.11,39.23,37.38,51.17,26.080000000000002
23,17,1.903674674487118,1.86,41.13,39.24,51.99,25.930000000000003
24,17,1.8515168049457411,2.02,42.98,41.26,52.7,27.330000000000005
25,17,1.9124584398880198,1.99,44.89,43.25,53.48,26.410000000000004
26,17,1.9504931168135753,1.82,46.84,45.07,54.24,25.950000000000006
27,17,1.9274264035986435,2.08,48.77,47.15,54.93,26.710000000000008
28,17,1.9600173846893472,1.75,50.73,48.9,55.72,26.38000000000001
29,17,1.964804084695844,2.18,52.69,51.08,56.38,26.550000000000004
30,17,1.9529477268590314,2.02,54.64,53.1,57.21,27.10000000000001
31,17,1.826282372414636,2.11,56.47,55.21,57.97,29.760000000000005
32,17,1.970027323429707,2.12,58.44,57.33,58.77,27.35000000000001
33,17,1.911459950040196,2.16,60.35,59.49,59.56,28.710000000000008
34,17,1.9080363314810578,1.64,62.26,61.13,60.37,29.04000000000001
35,17,1.9410228664464408,1.67,64.2,62.8,60.98,28.640000000000008
36,17,1.9466166151770643,1.7,66.15,64.5,61.6,28.74000000000001
37,17,1.9541155600462405,2.2,68.1,66.7,62.24,28.81000000000001
38,17,1.9276985983838733,2.02,70.03,68.72,63.05,29.53000000000001
39,17,2.0227037907960614,1.74,72.05,70.46,63.8,28.09000000000001
40,17,1.9601159002493047,1.78,74.01,72.24,64.44,29.38000000000001
41,17,2.0026466149264657,1.93,76.01,74.17,65.1,28.84000000000001
42,17,2.0469991937889613,2.34,78.06,76.51,65.81,28.29000000000001
43,17,2.019181856518216,2.23,80.08,78.74,66.67,29.02000000000001
44,17,2.008635323046381,2.13,82.09,80.87,67.48,29.43000000000001
45,17,2.0939994226411107,2.39,84.18,83.26,68.26,28.22000000000001
46,17,2.1726504363669785,2.3,86.35,85.56,69.12,27.16000000000001
47,17,2.0917458263922204,2.03,88.44,87.59,69.96,28.74000000000001
48,17,2.1260735701938445,1.98,90.57,89.57,70.69,28.38000000000001
49,17,2.193545799655968,2.4,92.76,91.97,71.4,27.48000000000001
50,17,2.1104795091609057,2.35,94.87,94.32,72.27,29.06000000000001
51,17,2.1499463274637227,2.3,97.02,96.62,73.11,28.65000000000001
52,17,2.181189188445413,2.3,99.2,98.92,73.93,28.37000000000001
53,17,2.3917154288783524,2.42,101.59,101.34,74.75,25.250000000000007
54,17,2.2865561551496683,2.42,103.88,103.76,75.61,27.16
55,17,2.3630124931337866,2.31,106.24,106.07,76.47,26.2
56,17,2.2949731538178804,2.33,108.53,108.4,77.28,27.47
57,17,2.334933706985615,2.48,110.86,110.88,78.1,27.069999999999997
58,17,2.3628581424126094,2.52,113.22,113.4,78.97,26.869999999999997
59,17,2.3252632619648397,2.32,115.55,115.72,79.85,27.659999999999997
60,17,2.2540097748122783,2.24,117.8,117.96,80.66,28.919999999999995
61,17,2.2830989593438713,2.25,120.08,120.21,81.44,28.669999999999995
62,17,2.2858192879836494,2.47,122.37,122.68,82.22,28.809999999999995
63,17,2.405855669277301,2.56,124.78,125.24,83.07,27.249999999999996
64,17,2.281040434159592,2.39,127.06,127.63,83.96,29.269999999999996
65,17,2.349057813340746,2.49,129.41,130.12,84.78,28.469999999999995
66,17,2.2404445752867375,2.19,131.65,132.31,85.63,30.209999999999994
67,17,2.296373940674942,2.4,133.95,134.71,86.38,29.569999999999993
68,17,2.260125740016222,2.3,136.21,137.01,87.19,30.249999999999996
69,17,2.263589364041436,2.12,138.47,139.13,87.98,30.36
70,17,2.233495971305534,2.26,140.7,141.39,88.69,30.92
71,17,2.3394009289938524,2.22,143.04,143.61,89.46,29.6
72,17,2.3472319182768913,2.23,145.39,145.84,90.2,29.64
73,17,2.2434512129373307,2.18,147.63,148.02,90.95,31.21
74,17,2.4059683190462744,2.39,150.04,150.41,91.68,29.130000000000003
75,17,2.384420165929447,2.67,152.42,153.08,92.48,29.58
76,17,2.4536115817062187,2.4,154.87,155.48,93.37,28.82
77,17,2.425559128070869,2.49,157.3,157.97,94.16,29.349999999999998
78,17,2.477275578262766,2.51,159.78,160.48,94.99,28.819999999999997
79,17,2.418065525740361,2.47,162.2,162.95,95.81,29.759999999999998
80,17,2.478826262402612,2.28,164.68,165.23,96.62,29.11
81,17,2.613400188571273,2.51,167.29,167.74,97.37,27.49
82,17,2.624989699551348,2.8,169.91,170.54,98.19,27.5
83,17,2.6719045075282546,2.53,172.58,173.07,99.1,27.07
84,17,2.5271043741348422,2.69,175.11,175.76,99.92,29.09
85,17,2.726440339030435,2.61,177.84,178.37,100.79,26.700000000000003
86,17,2.706996669491,2.53,180.55,180.9,101.63,27.11
87,17,2.5749895039451367,2.42,183.12,183.32,102.44,28.93
88,17,2.6185221742459803,2.83,185.74,186.15,103.22,28.52
89,17,2.6888987726296545,2.47,188.43,188.62,104.12,27.799999999999997
90,17,2.581117533835613,2.28,191.01,190.9,104.91,29.279999999999998
