floor(cycle / (24 * 60)),pig.id,pig.target_dfi,pig.dfi,pig.target_cfi,pig.cfi,pig.weight,ET
0,3,1.6292397724181356,1.39,1.63,1.39,35.08,21.32
1,3,1.567762754468011,1.56,3.2,2.95,35.61,26.879707903644643
2,3,1.5415968023842463,1.59,4.74,4.54,36.21,27.99970790364464
3,3,1.5870714862329385,1.7,6.33,6.24,36.82,27.20970790364464
4,3,1.6013422769391272,1.79,7.93,8.03,37.46,27.259707903644642
5,3,1.6407185010413776,1.75,9.57,9.78,38.14,26.669999999999998
6,3,1.6713028455630698,1.54,11.24,11.32,38.81,26.3
7,3,1.6484041462625516,1.66,12.89,12.98,39.39,27.28
8,3,1.6625413110406249,1.93,14.55,14.91,40.02,27.310000000000002
9,3,1.6880008439706893,1.7,16.24,16.61,40.74,27.000000000000004
10,3,1.628382845464349,1.84,17.87,18.45,41.38,28.62
11,3,1.6745124740059325,1.86,19.54,20.31,42.07,27.78
12,3,1.6883088203633936,1.85,21.23,22.16,42.77,27.69
13,3,1.6611915395578145,1.6,22.89,23.76,43.46,28.520000000000003
14,3,1.6063577975730017,1.86,24.5,25.62,44.06,29.910000000000004
15,3,1.6676424466880895,1.54,26.17,27.16,44.75,28.76
16,3,1.637056453808088,1.52,27.81,28.68,45.32,29.590000000000003
17,3,1.6677680376970516,1.87,29.48,30.55,45.88,29.080000000000005
18,3,1.7511062963238684,1.8,31.23,32.35,46.58,27.470000000000006
19,3,1.742157099197515,1.95,32.97,34.3,47.24,27.860000000000007
20,3,1.7662134388831066,1.71,34.74,36.01,47.96,27.550000000000004
21,3,1.810299115668431,1.79,36.55,37.8,48.59,26.780000000000005
22,3,1.8509029359586575,1.75,38.4,39.55,49.24,26.080000000000002
23,3,1.8666555813458365,1.88,40.27,41.43,49.88,25.930000000000003
24,3,1.811546666160711,1.9,42.08,43.33,50.57,27.330000000000005
25,3,1.8658947197396303,1.84,43.95,45.17,51.26,26.410000000000004
26,3,1.901470077737135,1.78,45.85,46.95,51.93,25.950000000000006
27,3,1.879085972801037,2.12,47.73,49.07,52.57,26.710000000000008
28,3,1.9109981900558706,2.19,49.64,51.26,53.34,26.38000000000001
29,3,1.9190456083957306,1.97,51.56,53.23,54.13,26.550000000000004
30,3,1.906005323365911,1.96,53.47,55.19,54.84,27.10000000000001
31,3,1.7827158140113424,1.59,55.25,56.78,55.54,29.760000000000005
32,3,1.9184067641159124,1.73,57.17,58.51,56.11,27.35000000000001
33,3,1.8593846453740346,1.68,59.03,60.19,56.73,28.710000000000008
34,3,1.8530538340845395,1.75,60.88,61.94,57.33,29.04000000000001
35,3,1.8858956160815783,2.1,62.77,64.04,57.96,28.640000000000008
36,3,1.8941450898582612,1.67,64.66,65.71,58.7,28.74000000000001
37,3,1.9011231625376215,1.65,66.56,67.36,59.29,28.81000000000001
38,3,1.872496724858437,1.84,68.43,69.2,59.88,29.53000000000001
39,3,1.9630924214515235,2.14,70.39,71.34,60.53,28.09000000000001
40,3,1.9053699750666344,2.02,72.3,73.36,61.28,29.38000000000001
41,3,1.9479933438679817,1.88,74.25,75.24,61.99,28.84000000000001
42,3,1.99065924799821,1.73,76.24,76.97,62.65,28.29000000000001
43,3,1.960077652715136,1.89,78.2,78.86,63.25,29.02000000000001
44,3,1.9481650451560808,1.82,80.15,80.68,63.91,29.43000000000001
45,3,2.028709675448965,1.81,82.18,82.49,64.55,28.22000000000001
46,3,2.1010655591374756,2.0,84.28,84.49,65.18,27.16000000000001
47,3,2.021821515811765,2.22,86.3,86.71,65.87,28.74000000000001
48,3,2.0562993085621195,2.08,88.36,88.79,66.64,28.38000000000001
49,3,2.1218723789799934,1.99,90.48,90.78,67.35,27.48000000000001
50,3,2.040070525417375,1.86,92.52,92.64,68.04,29.06000000000001
51,3,2.075477527528495,2.36,94.6,95.0,68.68,28.65000000000001
52,3,2.106204016276119,2.3,96.71,97.3,69.49,28.37000000000001
53,3,2.307644120888791,2.33,99.02,99.63,70.27,25.250000000000007
54,3,2.2072009341580774,2.18,101.23,101.81,71.06,27.16
55,3,2.2792084509664408,2.06,103.51,103.87,71.8,26.2
56,3,2.213305760114305,1.97,105.72,105.84,72.5,27.47
57,3,2.249907646819707,2.35,107.97,108.19,73.17,27.069999999999997
58,3,2.276286691536035,2.37,110.25,110.56,73.96,26.869999999999997
59,3,2.240145782428027,2.11,112.49,112.67,74.76,27.659999999999997
60,3,2.1712794737448866,2.03,114.66,114.7,75.46,28.919999999999995
61,3,2.1983768668724926,2.06,116.86,116.76,76.14,28.669999999999995
62,3,2.2004719372610912,2.32,119.06,119.08,76.83,28.809999999999995
63,3,2.3146992407057856,2.25,121.37,121.33,77.6,27.249999999999996
64,3,2.194540904977129,2.37,123.56,123.7,78.35,29.269999999999996
65,3,2.2597524796252677,1.97,125.82,125.67,79.13,28.469999999999995
66,3,2.1541922615826015,2.3,127.97,127.97,79.78,30.209999999999994
67,3,2.208516815240086,2.47,130.18,130.44,80.54,29.569999999999993
68,3,2.174927642386387,2.2,132.35,132.64,81.35,30.249999999999996
69,3,2.1781078900450526,2.39,134.53,135.03,82.07,30.36
70,3,2.1512281506497226,2.15,136.68,137.18,82.85,30.92
71,3,2.2521009126353646,2.23,138.93,139.41,83.55,29.6
72,3,2.26012149515198,2.4,141.19,141.81,84.27,29.64
73,3,2.162329665228291,2.46,143.35,144.27,85.05,31.21
74,3,2.3192259168970004,2.5,145.67,146.77,85.84,29.130000000000003
75,3,2.299512542537446,2.09,147.97,148.86,86.64,29.58
76,3,2.3633101932488447,2.62,150.33,151.48,87.31,28.82
77,3,2.338150430325289,2.36,152.67,153.84,88.15,29.349999999999998
78,3,2.38743388532311,2.22,155.06,156.06,88.91,28.819999999999997
79,3,2.3300212370780917,2.24,157.39,158.3,89.61,29.759999999999998
80,3,2.3874615106837607,2.37,159.78,160.67,90.32,29.11
81,3,2.516773290839034,2.67,162.3,163.34,91.07,27.49
82,3,2.529099804908417,2.34,164.83,165.68,91.91,27.5
83,3,2.5722937140014652,2.36,167.4,168.04,92.65,27.07
84,3,2.433837860843677,2.22,169.83,170.26,93.39,29.09
85,3,2.6222317710674092,2.75,172.45,173.01,94.08,26.700000000000003
86,3,2.605017681447028,2.88,175.06,175.89,94.94,27.11
87,3,2.481292047474945,2.38,177.54,178.27,95.84,28.93
88,3,2.5229876038159955,2.62,180.06,180.89,96.57,28.52
89,3,2.58985209530198,2.87,182.65,183.76,97.38,27.799999999999997
90,3,2.489192174890697,2.4,185.14,186.16,98.27,29.279999999999998
