floor(cycle / (24 * 60)),pig.id,pig.target_dfi,pig.dfi,pig.target_cfi,pig.cfi,pig.weight,ET
0,8,1.6518429076212484,1.46,1.65,1.46,35.79,21.32
1,8,1.5878372052531111,1.35,3.24,2.81,36.38,26.879707903644643
2,8,1.5593603048793823,1.86,4.8,4.67,36.93,27.99970790364464
3,8,1.6090321209766874,1.32,6.41,5.99,37.69,27.20970790364464
4,8,1.6203380388043505,1.74,8.03,7.73,38.22,27.259707903644642
5,8,1.6605470828428104,1.65,9.69,9.38,38.92,26.669999999999998
6,8,1.6913065887072651,1.97,11.38,11.35,39.59,26.3
7,8,1.6712063272820772,1.38,13.05,12.73,40.38,27.28
8,8,1.6780522380473846,1.79,14.73,14.52,40.93,27.310000000000002
9,8,1.7014981884403422,1.81,16.43,16.33,41.65,27.000000000000004
10,8,1.6419432148891977,1.92,18.07,18.25,42.37,28.62
11,8,1.689578091793797,1.94,19.76,20.19,43.14,27.78
12,8,1.7043023418172099,2.0,21.46,22.19,43.91,27.69
13,8,1.6778795802027058,1.54,23.14,23.73,44.7,28.520000000000003
14,8,1.622194841417581,1.39,24.76,25.12,45.31,29.910000000000004
15,8,1.6822699725073142,1.91,26.44,27.03,45.86,28.76
16,8,1.6534135596838089,1.42,28.09,28.45,46.61,29.590000000000003
17,8,1.6843703326981185,1.82,29.77,30.27,47.17,29.080000000000005
18,8,1.7688367422212905,1.59,31.54,31.86,47.88,27.470000000000006
19,8,1.759102601783508,1.99,33.3,33.85,48.51,27.860000000000007
20,8,1.7839318810667637,1.54,35.08,35.39,49.28,27.550000000000004
21,8,1.828235074504325,1.58,36.91,36.97,49.89,26.780000000000005
22,8,1.8687775756245981,2.07,38.78,39.04,50.5,26.080000000000002
23,8,1.8888202199881763,2.0,40.67,41.04,51.3,25.930000000000003
24,8,1.8389493280166431,1.69,42.51,42.73,52.08,27.330000000000005
25,8,1.8968331118872062,1.64,44.41,44.37,52.73,26.410000000000004
26,8,1.931940733206392,2.07,46.34,46.44,53.36,25.950000000000006
27,8,1.911764224997502,1.84,48.25,48.28,54.16,26.710000000000008
28,8,1.942627410180167,2.24,50.19,50.52,54.87,26.38000000000001
29,8,1.9514726646850598,1.98,52.14,52.5,55.72,26.550000000000004
30,8,1.9385871282226577,2.11,54.08,54.61,56.48,27.10000000000001
31,8,1.8140002643385025,1.73,55.89,56.34,57.28,29.760000000000005
32,8,1.9540390230503284,1.97,57.84,58.31,57.94,27.35000000000001
33,8,1.895576037639752,1.96,59.74,60.27,58.69,28.710000000000008
34,8,1.891176177729521,2.14,61.63,62.41,59.43,29.04000000000001
35,8,1.9276347395344535,1.92,63.56,64.33,60.24,28.640000000000008
36,8,1.9351374838364324,1.84,65.5,66.17,60.96,28.74000000000001
37,8,1.9436124703386681,2.19,67.44,68.36,61.65,28.81000000000001
38,8,1.9176978246825116,1.95,69.36,70.31,62.47,29.53000000000001
39,8,2.011874251354238,2.14,71.37,72.45,63.2,28.09000000000001
40,8,1.9523980821264006,1.83,73.32,74.28,63.99,29.38000000000001
41,8,1.995338215092083,2.25,75.32,76.53,64.68,28.84000000000001
42,8,2.0417054022065413,1.95,77.36,78.48,65.51,28.29000000000001
43,8,2.011658812012569,2.06,79.37,80.54,66.23,29.02000000000001
44,8,2.0004262650255082,1.93,81.37,82.47,66.99,29.43000000000001
45,8,2.084252279041388,2.03,83.45,84.5,67.7,28.22000000000001
46,8,2.160433645338863,1.97,85.61,86.47,68.44,27.16000000000001
47,8,2.0783920109225003,1.81,87.69,88.28,69.17,28.74000000000001
48,8,2.111416762317294,2.25,89.8,90.53,69.83,28.38000000000001
49,8,2.1804183224191864,1.91,91.98,92.44,70.65,27.48000000000001
50,8,2.0951694669940912,2.04,94.08,94.48,71.34,29.06000000000001
51,8,2.132825009514696,2.39,96.21,96.87,72.08,28.65000000000001
52,8,2.1646561341041246,2.42,98.37,99.29,72.94,28.37000000000001
53,8,2.3744644649646873,2.53,100.74,101.82,73.82,25.250000000000007
54,8,2.2712122153079095,2.09,103.01,103.91,74.72,27.16
55,8,2.345272222203075,2.64,105.36,106.55,75.47,26.2
56,8,2.280457047989406,2.28,107.64,108.83,76.42,27.47
57,8,2.3201143064720253,2.44,109.96,111.27,77.23,27.069999999999997
58,8,2.3478407364895766,2.28,112.31,113.55,78.09,26.869999999999997
59,8,2.3095733149902684,2.18,114.62,115.73,78.9,27.659999999999997
60,8,2.2384578112999476,2.11,116.86,117.84,79.67,28.919999999999995
61,8,2.266842247309237,2.09,119.13,119.93,80.41,28.669999999999995
62,8,2.2690916301511055,2.56,121.4,122.49,81.15,28.809999999999995
63,8,2.3889095196570826,2.3,123.79,124.79,82.04,27.249999999999996
64,8,2.2641487707130605,2.3,126.05,127.09,82.85,29.269999999999996
65,8,2.3314264451691686,2.07,128.38,129.16,83.65,28.469999999999995
66,8,2.222112956772935,2.19,130.6,131.35,84.37,30.209999999999994
67,8,2.2776645363724315,2.43,132.88,133.78,85.12,29.569999999999993
68,8,2.2424160389475634,2.5,135.12,136.28,85.96,30.249999999999996
69,8,2.2470354563767545,2.09,137.37,138.37,86.82,30.36
70,8,2.2175096786301918,2.39,139.59,140.76,87.54,30.92
71,8,2.323366273413435,2.15,141.91,142.91,88.36,29.6
72,8,2.3311399605544434,2.43,144.24,145.34,89.09,29.64
73,8,2.2294793955261674,2.3,146.47,147.64,89.92,31.21
74,8,2.3916001751641773,2.24,148.86,149.88,90.7,29.130000000000003
75,8,2.369779857601397,2.16,151.23,152.04,91.46,29.58
76,8,2.43625161963701,2.47,153.67,154.51,92.19,28.82
77,8,2.4091890206570548,2.38,156.08,156.89,93.02,29.349999999999998
78,8,2.4602043881241493,2.61,158.54,159.5,93.82,28.819999999999997
79,8,2.402368514498662,2.14,160.94,161.64,94.69,29.759999999999998
80,8,2.461360872831355,2.28,163.4,163.92,95.4,29.11
81,8,2.5950745470638585,2.84,166.0,166.76,96.16,27.49
82,8,2.608557463885153,2.7,168.61,169.46,97.1,27.5
83,8,2.654983069965341,2.7,171.26,172.16,97.99,27.07
84,8,2.512449971258454,2.46,173.77,174.62,98.88,29.09
85,8,2.7095838387306923,2.91,176.48,177.53,99.69,26.700000000000003
86,8,2.6921081738038852,2.52,179.17,180.05,100.64,27.11
87,8,2.5612633510235883,2.7,181.73,182.75,101.46,28.93
88,8,2.6060517731645976,2.8,184.34,185.55,102.34,28.52
89,8,2.6762875888184277,2.45,187.02,188.0,103.25,27.799999999999997
90,8,2.5692357829923265,2.83,189.59,190.83,104.04,29.279999999999998
