floor(cycle / (24 * 60)),pig.id,pig.target_dfi,pig.dfi,pig.target_cfi,pig.cfi,pig.weight,ET
0,9,1.8550424280000002,2.05,1.86,2.05,43.0,21.32
1,9,1.8772716527999995,1.95,3.74,4.0,43.76,21.32
2,9,1.8788825488000003,1.69,5.62,5.69,44.49,22.02
3,9,1.9003270431999992,2.14,7.52,7.83,45.12,21.890000000000004
4,9,1.90786468805,2.01,9.43,9.84,45.91,22.35
5,9,1.8566660919999995,1.61,11.29,11.45,46.65,24.259999999999998
6,9,1.8837461687999997,1.96,13.17,13.41,47.24,23.96
7,9,1.9476161697999999,1.72,15.12,15.13,47.96,22.769999999999996
8,9,2.0057997653000004,1.95,17.13,17.08,48.59,21.52
9,9,2.0525995345499997,1.97,19.18,19.05,49.31,20.57
10,9,2.0705131591999995,2.36,21.25,21.41,50.03,20.62
11,9,2.0937779162999997,2.25,23.34,23.66,50.89,20.6
12,9,2.094401787,1.93,25.43,25.59,51.7,21.26
13,9,2.0486708579999995,1.78,27.48,27.37,52.4,22.97
14,9,2.0711049607499996,2.08,29.55,29.45,53.05,22.790000000000003
15,9,2.139609095,1.88,31.69,31.33,53.8,21.45
16,9,2.1468392039499995,1.99,33.84,33.32,54.47,21.689999999999998
17,9,2.1139306842999996,1.97,35.95,35.29,55.19,22.92
18,9,2.1385060595,2.12,38.09,37.41,55.9,22.71
19,9,2.18888933325,2.03,40.28,39.44,56.65,21.89
20,9,2.1372423276999997,2.35,42.42,41.79,57.38,23.430000000000003
21,9,2.154027994549999,2.37,44.57,44.16,58.21,23.430000000000003
22,9,2.2419534119999986,2.11,46.81,46.27,59.05,21.860000000000007
23,9,2.285820213,2.41,49.1,48.68,59.8,21.170000000000005
24,9,2.2472514004999984,1.96,51.35,50.64,60.65,22.480000000000004
25,9,2.3038779402999996,2.04,53.65,52.68,61.34,21.510000000000005
26,9,2.2566577532999994,2.09,55.91,54.77,62.06,22.85
27,9,2.283390059799999,2.08,58.19,56.85,62.79,22.58
28,9,2.3089233352,2.58,60.5,59.43,63.52,22.33
29,9,2.3320619817,2.38,62.83,61.81,64.42,22.189999999999998
30,9,2.321173402799999,2.25,65.15,64.06,65.24,22.7
31,9,2.3265997287000006,2.17,67.48,66.23,66.02,22.85
32,9,2.1396012014499997,2.21,69.62,68.44,66.77,26.13
33,9,2.0807026198,2.15,71.7,70.59,67.54,27.1
34,9,2.233030742199999,2.39,73.93,72.98,68.28,25.03
35,9,2.230192792,2.12,76.16,75.1,69.1,25.240000000000002
36,9,2.2252671996999993,1.96,78.39,77.06,69.82,25.45
37,9,2.2007970312999996,2.33,80.59,79.39,70.49,25.919999999999998
38,9,2.1809749792,2.39,82.77,81.78,71.28,26.319999999999997
39,9,2.139997873000001,2.35,84.91,84.13,72.1,26.979999999999997
40,9,2.2068959363000005,1.97,87.12,86.1,72.89,26.199999999999996
41,9,2.1834150807999997,1.92,89.3,88.02,73.56,26.6
42,9,2.163049835799999,2.0,91.46,90.02,74.21,26.94
43,9,2.2376826832,2.21,93.7,92.23,74.88,26.05
44,9,2.1871141356999995,2.12,95.89,94.35,75.62,26.79
45,9,2.226879026699999,2.01,98.12,96.36,76.33,26.36
46,9,2.154078583,2.14,100.27,98.5,77.0,27.33
47,9,2.1235603260500002,2.11,102.39,100.61,77.71,27.75
48,9,2.0449797840499997,2.08,104.43,102.69,78.41,28.69
49,9,2.087250186999999,2.21,106.52,104.9,79.1,28.26
50,9,2.072066119449999,1.96,108.59,106.86,79.83,28.47
51,9,2.1263790111999987,2.34,110.72,109.2,80.48,27.900000000000002
52,9,2.2738300729999983,2.01,112.99,111.21,81.25,26.220000000000002
53,9,2.2283885035499997,1.98,115.22,113.19,81.91,26.810000000000002
54,9,2.2058140287999985,2.34,117.43,115.53,82.56,27.110000000000003
55,9,2.2879441621999996,2.43,119.72,117.96,83.32,26.19
56,9,2.3447824750499984,2.23,122.06,120.19,84.11,25.55
57,9,2.3120388298,2.44,124.37,122.63,84.84,25.990000000000002
58,9,2.2976055007000005,2.07,126.67,124.7,85.63,26.2
59,9,2.3258138449999994,2.42,129.0,127.12,86.3,25.9
60,9,2.3667487142000003,2.41,131.37,129.53,87.08,25.45
61,9,2.25453231925,2.23,133.62,131.76,87.85,26.77
62,9,2.2804698471999996,2.45,135.9,134.21,88.57,26.5
63,9,2.1002392329999995,2.27,138.0,136.48,89.35,28.42
64,9,2.31663914495,2.43,140.32,138.91,90.07,26.130000000000003
65,9,2.1748962027999985,2.02,142.49,140.93,90.84,27.660000000000004
66,9,2.3537198252,2.61,144.84,143.54,91.48,25.740000000000002
67,9,2.3440165137999984,2.49,147.18,146.03,92.31,25.860000000000003
68,9,2.4270891830499997,2.51,149.61,148.54,93.09,24.93
69,9,2.2995650181999996,2.11,151.91,150.65,93.88,26.35
70,9,2.3292494392499994,2.14,154.24,152.79,94.55,26.029999999999998
71,9,2.3073376027999997,2.58,156.55,155.37,95.21,26.259999999999998
72,9,2.2835244962,2.4,158.83,157.77,96.02,26.5
73,9,2.382597573699999,2.29,161.21,160.06,96.77,25.439999999999998
74,9,2.436752295199999,2.55,163.65,162.61,97.48,24.84
75,9,2.2543467452999995,2.13,165.9,164.74,98.26,26.75
76,9,2.430723994199999,2.59,168.33,167.33,98.92,24.89
77,9,2.3808018741999986,2.57,170.71,169.9,99.72,25.41
78,9,2.3412866603,2.22,173.05,172.12,100.51,25.799999999999997
79,9,2.3586261572,2.56,175.41,174.68,101.18,25.6
80,9,2.2915577864499985,2.54,177.7,177.22,101.97,26.250000000000004
81,9,2.267874840299999,2.3,179.97,179.52,102.74,26.450000000000003
82,9,2.225114900449999,2.33,182.2,181.85,103.43,26.830000000000005
83,9,2.2659708787999984,2.31,184.47,184.16,104.14,26.400000000000006
84,9,2.1548875877999976,2.22,186.62,186.38,104.84,27.410000000000004
85,9,2.2043750694999984,2.15,188.82,188.53,105.5,26.910000000000007
86,9,2.1271019079999984,2.22,190.95,190.75,106.15,27.580000000000005
87,9,2.120994005549997,2.01,193.07,192.76,106.81,27.590000000000007
88,9,2.2287856272999984,2.04,195.3,194.8,107.41,26.56000000000001
89,9,2.2994973686999987,2.08,197.6,196.88,108.02,25.850000000000005
90,9,2.178291996799999,2.04,199.78,198.92,108.64,26.94000000000001
