floor(cycle / (24 * 60)),pig.id,pig.target_dfi,pig.dfi,pig.target_cfi,pig.cfi,pig.weight,ET
0,10,1.7951810280000005,1.66,1.8,1.66,41.0,21.32
1,10,1.8157556112000002,1.91,3.62,3.57,41.68,21.32
2,10,1.79481411045,1.86,5.41,5.43,42.47,22.909999999999997
3,10,1.8180836099499997,1.98,7.23,7.41,43.23,22.85
4,10,1.8626878228000001,1.86,9.09,9.27,44.04,22.139999999999997
5,10,1.8562711200000002,1.77,10.95,11.04,44.8,23.0
6,10,1.9132143251999998,2.21,12.86,13.25,45.52,21.83
7,10,1.9777548627999995,2.01,14.84,15.26,46.41,20.34
8,10,2.0007884602,1.78,16.84,17.04,47.22,20.34
9,10,1.978878133299999,2.21,18.82,19.25,47.94,21.830000000000002
10,10,2.024199585699999,1.98,20.84,21.23,48.83,21.12
11,10,2.0166310022,2.12,22.86,23.35,49.63,22.02
12,10,2.0778231432,1.9,24.94,25.25,50.48,20.78
13,10,2.0850543532,2.31,27.03,27.56,51.23,21.18
14,10,2.1296397807500003,2.28,29.16,29.84,52.15,20.490000000000002
15,10,2.0856781593,1.86,31.25,31.7,53.06,22.43
16,10,2.122927056999999,2.25,33.37,33.95,53.8,21.91
17,10,2.1341992021999996,2.03,35.5,35.98,54.68,22.150000000000002
18,10,2.1459289662,2.39,37.65,38.37,55.48,22.310000000000002
19,10,2.1379158681999995,1.96,39.79,40.33,56.42,22.980000000000004
20,10,2.1145563067999986,2.19,41.9,42.52,57.19,23.820000000000004
21,10,2.21366317675,2.0,44.11,44.52,58.05,22.03
22,10,2.2882901332,2.35,46.4,46.87,58.83,20.540000000000003
23,10,2.2938437552999993,2.08,48.69,48.95,59.74,20.930000000000003
24,10,2.322749585799999,2.62,51.01,51.57,60.54,20.62
25,10,2.2700804457999992,2.42,53.28,53.99,61.56,22.37
26,10,2.3666749258,2.35,55.65,56.34,62.49,20.54
27,10,2.3122419635500004,2.23,57.96,58.57,63.39,22.209999999999997
28,10,2.2466966328,2.5,60.21,61.07,64.24,23.779999999999998
29,10,2.3633074379999996,2.14,62.57,63.21,65.2,21.83
30,10,2.2652154482999993,2.14,64.84,65.35,66.01,23.96
31,10,2.3540274161999997,2.14,67.19,67.49,66.82,22.58
32,10,2.2240863164499998,2.49,69.41,69.98,67.63,25.03
33,10,2.1945025279499997,2.19,71.6,72.17,68.57,25.67
34,10,2.1209718049999995,1.97,73.72,74.14,69.4,26.85
35,10,2.1979570081999995,2.28,75.92,76.42,70.13,25.9
36,10,2.2080092127999995,2.18,78.13,78.6,70.99,25.9
37,10,2.246178537,2.46,80.38,81.06,71.8,25.49
38,10,2.2457328483,1.98,82.63,83.04,72.71,25.639999999999997
39,10,2.1716133220000002,2.07,84.8,85.11,73.45,26.74
40,10,2.207911980299999,2.15,87.01,87.26,74.21,26.36
41,10,2.13548875405,1.91,89.15,89.17,75.01,27.369999999999997
42,10,2.21457911355,2.21,91.36,91.38,75.71,26.450000000000003
43,10,2.1356276602,1.91,93.5,93.29,76.52,27.51
44,10,2.1364055392,2.21,95.64,95.5,77.22,27.560000000000002
45,10,2.2180530516999992,2.14,97.86,97.64,78.03,26.640000000000004
46,10,2.283428948049999,2.0,100.14,99.64,78.81,25.890000000000004
47,10,2.1561972501999986,2.26,102.3,101.9,79.53,27.500000000000004
48,10,2.1301508237499998,2.31,104.43,104.21,80.35,27.85
49,10,2.0558857146999996,2.2,106.49,106.41,81.18,28.709999999999997
50,10,2.1943545037,2.17,108.68,108.58,81.98,27.21
51,10,2.2093046955000006,2.14,110.89,110.72,82.75,27.08
52,10,2.254277891199999,1.97,113.14,112.69,83.52,26.6
53,10,2.1607977676999996,2.3,115.3,114.99,84.22,27.69
54,10,2.3811826607999995,2.39,117.68,117.38,85.04,25.16
55,10,2.2900152838000003,2.13,119.97,119.51,85.89,26.299999999999997
56,10,2.2441976112499993,2.12,122.21,121.63,86.65,26.85
57,10,2.289824362299999,2.35,124.5,123.98,87.39,26.36
58,10,2.3324163601999994,2.24,126.83,126.22,88.22,25.9
59,10,2.3545592765499985,2.26,129.18,128.48,89.01,25.67
60,10,2.2955220119999993,2.38,131.48,130.86,89.8,26.36
61,10,2.4136110314500008,2.27,133.89,133.13,90.63,25.03
62,10,2.2848765741999997,1.99,136.17,135.12,91.42,26.5
63,10,2.1863420497999995,2.36,138.36,137.48,92.11,27.540000000000003
64,10,2.3553655291999984,2.1,140.72,139.58,92.92,25.740000000000002
65,10,2.1900248682499996,2.38,142.91,141.96,93.65,27.490000000000002
66,10,2.2974526409499996,2.49,145.21,144.45,94.47,26.370000000000005
67,10,2.247703131199999,2.47,147.46,146.92,95.32,26.880000000000003
68,10,2.0482613994499985,2.08,149.51,149.0,96.17,28.810000000000002
69,10,2.2290233856999992,2.1,151.74,151.1,96.87,27.04
70,10,2.2550973402999994,2.34,154.0,153.44,97.59,26.76
71,10,2.123819502199999,1.91,156.12,155.35,98.38,28.020000000000003
72,10,2.1253722771999994,2.02,158.25,157.37,99.03,27.98
73,10,2.0945410133,2.11,160.34,159.48,99.71,28.240000000000002
74,10,2.2411319906999987,2.34,162.58,161.82,100.42,26.810000000000002
75,10,2.3429973119999987,2.35,164.92,164.17,101.2,25.76
76,10,2.252919109049999,2.3,167.17,166.47,101.99,26.630000000000003
77,10,2.1898998625,2.47,169.36,168.94,102.75,27.200000000000003
78,10,2.3516265761999984,2.33,171.71,171.27,103.57,25.580000000000005
79,10,2.2072711112499976,2.3,173.92,173.57,104.35,26.950000000000006
80,10,2.1606832147999993,2.0,176.08,175.57,105.11,27.340000000000003
81,10,2.0232553664499986,1.84,178.1,177.41,105.77,28.53
82,10,2.249650445949998,2.43,180.35,179.84,106.37,26.430000000000003
83,10,2.114830621199999,2.12,182.46,181.96,107.17,27.620000000000005
84,10,2.251158098799998,2.34,184.71,184.3,107.86,26.320000000000004
85,10,2.2721889726999986,2.5,186.98,186.8,108.62,26.07
86,10,2.0056420196999984,1.77,188.99,188.57,109.43,28.400000000000006
87,10,2.2966774437999993,2.24,191.29,190.81,110.01,25.740000000000002
88,10,2.1514195101999984,2.13,193.44,192.94,110.73,27.020000000000003
89,10,2.2095285591999985,1.95,195.65,194.89,111.42,26.44
90,10,2.1230984407999993,1.99,197.77,196.88,112.04,27.160000000000007
