floor(cycle / (24 * 60)),pig.id,pig.target_dfi,pig.dfi,pig.target_cfi,pig.cfi,pig.weight,ET
0,6,1.7333436279999994,1.94,1.73,1.94,39.0,21.32
1,6,1.7558327271999998,1.66,3.49,3.6,39.72,21.32
2,6,1.7694675528,1.49,5.26,5.09,40.34,21.560000000000002
3,6,1.81698435355,1.56,7.08,6.65,40.89,20.07
4,6,1.8162696371999996,2.02,8.9,8.67,41.47,21.02
5,6,1.7768339383000002,1.76,10.68,10.43,42.21,23.24
6,6,1.8463875137999994,1.77,12.53,12.2,42.86,21.5
7,6,1.7916628113,1.52,14.32,13.72,43.51,23.839999999999996
8,6,1.8875433254499998,1.63,16.21,15.35,44.07,21.269999999999996
9,6,1.8897556122999999,2.03,18.1,17.38,44.66,21.81
10,6,1.8685560069999991,1.89,19.97,19.27,45.4,23.11
11,6,1.8747455172999998,2.15,21.84,21.42,46.09,23.44
12,6,1.99487264395,2.1,23.83,23.52,46.87,20.17
13,6,1.9384013284499995,1.81,25.77,25.33,47.63,22.79
14,6,1.96322434205,2.17,27.73,27.5,48.29,22.569999999999997
15,6,2.0015850446999996,2.08,29.73,29.58,49.07,22.039999999999996
16,6,2.0110004092,1.96,31.74,31.54,49.82,22.319999999999993
17,6,2.0573139352,1.95,33.8,33.49,50.52,21.479999999999993
18,6,2.0744356902,1.92,35.87,35.41,51.22,21.499999999999993
19,6,2.00776602305,1.91,37.88,37.32,51.91,23.67
20,6,2.0958523077999995,1.9,39.98,39.22,52.59,21.860000000000003
21,6,2.0798428812000003,1.9,42.06,41.12,53.27,22.7
22,6,2.123212051299999,2.02,44.18,43.14,53.94,21.990000000000002
23,6,2.1877109428000003,2.36,46.37,45.5,54.66,20.64
24,6,2.1449307708000003,2.22,48.51,47.72,55.49,22.34
25,6,2.149554023699999,2.32,50.66,50.04,56.27,22.64
26,6,2.2318417677999993,2.23,52.89,52.27,57.09,21.020000000000003
27,6,2.2538327781999987,2.18,55.14,54.45,57.87,20.900000000000002
28,6,2.280967457199999,2.13,57.42,56.58,58.63,20.62
29,6,2.30915220445,2.58,59.73,59.16,59.37,20.29
30,6,2.3371092652,2.52,62.07,61.68,60.27,20.060000000000002
31,6,2.3002479237999998,2.46,64.37,64.14,61.14,21.5
32,6,2.055300066299999,2.01,66.43,66.15,61.99,26.36
33,6,2.0955852171999996,2.22,68.53,68.37,62.68,25.9
34,6,2.0116499754999997,2.06,70.54,70.43,63.45,27.319999999999997
35,6,2.1466765487499995,1.89,72.69,72.32,64.15,25.45
36,6,2.0867431719999994,1.81,74.78,74.13,64.8,26.509999999999998
37,6,2.139717761699999,2.39,76.92,76.52,65.42,25.849999999999998
38,6,2.16301262145,2.32,79.08,78.84,66.23,25.67
39,6,2.1585557962,2.26,81.24,81.1,67.02,25.9
40,6,2.1368053751999994,1.93,83.38,83.03,67.78,26.36
41,6,2.1730073367999996,2.21,85.55,85.24,68.44,25.96
42,6,2.0680343811999986,2.36,87.62,87.6,69.18,27.520000000000003
43,6,2.2359386446999996,2.33,89.86,89.93,69.97,25.32
44,6,2.135917418749999,1.87,92.0,91.8,70.75,26.85
45,6,2.2378466721999994,2.24,94.24,94.04,71.38,25.54
46,6,2.1563606834499986,2.33,96.4,96.37,72.13,26.770000000000003
47,6,2.1769880799999997,2.22,98.58,98.59,72.9,26.6
48,6,2.1956191037999995,2.35,100.78,100.94,73.64,26.450000000000003
49,6,2.2029191080500006,2.02,102.98,102.96,74.41,26.45
50,6,2.1172124991999994,2.25,105.1,105.21,75.08,27.599999999999998
51,6,2.1998583096999993,2.17,107.3,107.38,75.82,26.650000000000002
52,6,2.159684339199999,2.34,109.46,109.72,76.53,27.22
53,6,2.242675697,2.33,111.7,112.05,77.3,26.26
54,6,2.2767996057999995,2.43,113.98,114.48,78.06,25.9
55,6,2.118472388249999,2.34,116.1,116.82,78.85,27.89
56,6,2.1949431550499994,2.29,118.29,119.11,79.61,27.05
57,6,2.2689320107500004,2.39,120.56,121.5,80.35,26.209999999999997
58,6,2.1560472831999995,2.26,122.72,123.76,81.12,27.599999999999998
59,6,2.3721003767499997,2.47,125.09,126.23,81.85,25.03
60,6,2.2777026947999994,2.43,127.37,128.66,82.64,26.27
61,6,2.2140285381999996,2.34,129.58,131.0,83.42,27.060000000000002
62,6,2.1913344679499986,1.98,131.77,132.98,84.17,27.35
63,6,2.2753592879999998,2.22,134.05,135.2,84.8,26.42
64,6,2.230798701999999,2.3,136.28,137.5,85.5,26.96
65,6,2.3119161012,2.47,138.59,139.97,86.23,26.06
66,6,2.3017495270499997,2.12,140.89,142.09,87.01,26.21
67,6,2.255023907199999,2.52,143.15,144.61,87.68,26.76
68,6,2.318320483449999,2.15,145.47,146.76,88.47,26.070000000000004
69,6,2.147144441799999,2.14,147.62,148.9,89.14,27.94
70,6,2.2628063433,2.34,149.88,151.24,89.81,26.72
71,6,2.1475969077999997,2.03,152.03,153.27,90.54,27.94
72,6,2.2947397829499994,2.32,154.32,155.59,91.17,26.390000000000004
73,6,2.105055442299999,1.91,156.43,157.5,91.89,28.36
74,6,2.189081291199999,2.07,158.62,159.57,92.48,27.51
75,6,2.2285353231999987,2.17,160.85,161.74,93.12,27.1
76,6,2.144914487799998,2.44,162.99,164.18,93.79,27.94
77,6,2.1405050533000005,2.03,165.13,166.21,94.54,27.97
78,6,2.206655006799999,1.96,167.34,168.17,95.16,27.299999999999997
79,6,2.235252932799999,2.5,169.58,170.67,95.76,27.0
80,6,2.3258456661999993,2.63,171.91,173.3,96.52,26.049999999999997
81,6,2.2567250721999996,2.49,174.17,175.79,97.32,26.75
82,6,2.2147625984499992,2.34,176.38,178.13,98.07,27.15
83,6,2.2256830242000003,2.46,178.61,180.59,98.78,27.02
84,6,2.2504740912000005,2.52,180.86,183.11,99.52,26.75
85,6,2.2447548252,1.97,183.1,185.08,100.27,26.779999999999998
86,6,2.1540959623,2.31,185.25,187.39,100.86,27.63
87,6,2.17817184175,2.28,187.43,189.67,101.55,27.369999999999997
88,6,2.302528376950001,2.46,189.73,192.13,102.23,26.129999999999995
89,6,2.2161125607999996,2.02,191.95,194.15,102.96,26.939999999999998
90,6,2.1043335657999998,1.94,194.05,196.09,103.56,27.949999999999996
