floor(cycle / (24 * 60)),pig.id,pig.target_dfi,pig.dfi,pig.target_cfi,pig.cfi,pig.weight,ET
0,9,1.6683677319999997,1.77,1.67,1.77,36.0,15.59
1,9,1.6952700970499996,1.52,3.37,3.29,36.71,15.59
2,9,1.7164474371999998,1.8,5.09,5.09,37.32,15.34
3,9,1.7404806207999999,1.8,6.83,6.89,38.04,14.959999999999999
4,9,1.7725143927999998,1.76,8.6,8.65,38.76,15.799999999999997
5,9,1.7995250464499994,1.86,10.4,10.51,39.47,16.79
6,9,1.82382064855,1.8,12.22,12.31,40.21,17.35
7,9,1.8507457642,1.65,14.07,13.96,40.92,16.25
8,9,1.8736049586999992,1.81,15.94,15.77,41.58,16.43
9,9,1.8982382382999998,1.65,17.84,17.42,42.29,15.719999999999999
10,9,1.9180453392999997,1.78,19.76,19.2,42.94,14.77
11,9,1.9431302888000002,1.85,21.7,21.05,43.64,16.6
12,9,1.9691141444499993,1.98,23.67,23.03,44.37,16.09
13,9,1.9950179882499999,1.93,25.67,24.96,45.15,16.11
14,9,2.0191187424999995,1.81,27.69,26.77,45.9,16.25
15,9,2.0412073388,2.12,29.73,28.89,46.61,16.419999999999998
16,9,2.07134965795,1.82,31.8,30.71,47.43,15.529999999999998
17,9,2.0953152347999993,1.84,33.9,32.55,48.14,14.959999999999999
18,9,2.117595276999999,1.89,36.02,34.44,48.85,15.34
19,9,2.1385550281999994,2.18,38.16,36.62,49.58,15.82
20,9,2.1558837406999998,1.86,40.32,38.48,50.42,16.809999999999995
21,9,2.1850280097999994,2.45,42.51,40.93,51.14,16.019999999999996
22,9,2.2071499491999997,2.23,44.72,43.16,52.08,16.61
23,9,2.2310432899499997,2.47,46.95,45.63,52.93,16.67
24,9,2.264952338199999,2.17,49.21,47.8,53.88,16.11
25,9,2.2999277605,2.31,51.51,50.11,54.7,14.77
26,9,2.3149568991999994,2.26,53.82,52.37,55.58,15.959999999999997
27,9,2.336694433449999,2.23,56.16,54.6,56.43,16.11
28,9,2.3505714112,2.49,58.51,57.09,57.27,16.699999999999996
29,9,2.3903127022999984,2.66,60.9,59.75,58.21,15.719999999999999
30,9,2.423690667299999,2.23,63.32,61.98,59.21,15.2
31,9,2.4284991207999993,2.67,65.75,64.65,60.04,16.36
32,9,2.47152631845,2.58,68.22,67.23,61.03,15.23
33,9,2.5055763495499996,2.57,70.73,69.8,61.99,14.490000000000002
34,9,2.5271877237999996,2.58,73.26,72.38,62.94,14.739999999999998
35,9,2.5094985204999993,2.49,75.77,74.87,63.9,16.970000000000002
36,9,2.557028539549999,2.7,78.33,77.57,64.81,15.75
37,9,2.5729406699999995,2.37,80.9,79.94,65.8,16.1
38,9,2.5654995204499995,2.53,83.47,82.47,66.67,17.19
39,9,2.5900524965499985,2.64,86.06,85.11,67.59,17.01
40,9,2.6512353617499995,2.79,88.71,87.9,68.55,15.329999999999998
41,9,2.6254878717999994,2.49,91.34,90.39,69.56,17.19
42,9,2.678799154799999,2.76,94.02,93.15,70.46,15.920000000000002
43,9,2.705681947,2.43,96.73,95.58,71.45,15.66
44,9,2.7016332141999992,2.63,99.43,98.21,72.33,16.46
45,9,2.7397633974499995,2.57,102.17,100.78,73.27,15.75
46,9,2.7622104487000003,3.01,104.93,103.79,74.18,15.57
47,9,2.7511575682499996,2.59,107.68,106.38,75.25,16.61
48,9,2.7402642231999996,2.44,110.42,108.82,76.17,17.380000000000003
49,9,2.7936402201999995,2.57,113.21,111.39,77.03,16.26
50,9,2.84920581045,2.79,116.06,114.18,77.93,14.93
51,9,2.8795431655499995,2.63,118.94,116.81,78.91,14.45
52,9,2.9180625704499987,2.85,121.86,119.66,79.83,13.55
53,9,2.9114361921999987,3.08,124.77,122.74,80.82,14.499999999999998
54,9,2.9176373580499986,3.03,127.69,125.77,81.89,14.889999999999999
55,9,2.9274576457999983,2.85,130.62,128.62,82.94,15.099999999999998
56,9,2.9672315731999994,2.68,133.59,131.3,83.92,14.309999999999997
57,9,2.962770779799999,3.13,136.55,134.43,84.84,14.89
58,9,3.01361476555,2.86,139.56,137.29,85.91,13.77
59,9,3.027527420549999,3.32,142.59,140.61,86.89,13.79
60,9,3.0466078950500006,3.01,145.64,143.62,88.01,13.690000000000001
61,9,3.0220718241999998,3.28,148.66,146.9,89.03,14.819999999999999
62,9,3.0218171937999996,2.89,151.68,149.79,90.14,15.18
63,9,3.048294221049998,3.28,154.73,153.07,91.11,14.790000000000001
64,9,2.9892180920000007,3.15,157.72,156.22,92.2,16.44
65,9,2.9738986437499997,2.9,160.69,159.12,93.25,16.95
66,9,2.9884989647999993,3.05,163.68,162.17,94.21,16.82
67,9,3.014768414199999,3.14,166.69,165.31,95.22,16.46
68,9,3.0782327633,3.04,169.77,168.35,96.26,15.310000000000002
69,9,2.9601631969999986,3.07,172.73,171.42,97.25,17.740000000000002
70,9,3.1013955207999997,3.17,175.83,174.59,98.26,15.16
71,9,3.144794199799999,2.98,178.97,177.57,99.29,14.380000000000003
72,9,3.1513187427999996,3.07,182.12,180.64,100.26,14.400000000000002
73,9,3.128093414499999,2.83,185.25,183.47,101.25,15.039999999999997
74,9,3.1616676247999997,2.91,188.41,186.38,102.16,14.46
75,9,3.1606682343,3.12,191.57,189.5,103.09,14.600000000000001
76,9,3.1242240777999988,3.33,194.69,192.83,104.09,15.420000000000002
77,9,3.1336517267499984,3.31,197.82,196.14,105.15,15.330000000000002
78,9,3.080254881999999,3.26,200.9,199.4,106.2,16.340000000000003
79,9,3.0645386576999987,2.92,203.96,202.32,107.23,16.64
80,9,3.057334498,3.17,207.02,205.49,108.15,16.78
