floor(cycle / (24 * 60)),pig.id,pig.target_dfi,pig.dfi,pig.target_cfi,pig.cfi,pig.weight,ET
0,10,1.5830858626830926,1.7,1.58,1.7,36.22,18.79
1,10,1.6038273599104973,1.81,3.18,3.51,36.91,18.79
2,10,1.6256081236530893,1.57,4.81,5.08,37.64,19.08
3,10,1.6441644778331257,1.82,6.45,6.9,38.27,19.849999999999998
4,10,1.6662599079078975,1.41,8.12,8.31,39.01,18.409999999999997
5,10,1.6822617015058765,1.61,9.8,9.92,39.57,20.290000000000003
6,10,1.6989848696609327,1.59,11.5,11.51,40.22,21.889999999999997
7,10,1.715472100498766,1.67,13.22,13.18,40.86,22.4
8,10,1.7389730355710884,2.02,14.96,15.2,41.52,20.19
9,10,1.7622834443732656,1.94,16.72,17.14,42.33,20.15
10,10,1.7835217012425675,2.04,18.5,19.18,43.1,20.88
11,10,1.8066119863642403,2.06,20.31,21.24,43.91,20.78
12,10,1.829351205099557,1.94,22.14,23.18,44.73,20.979999999999997
13,10,1.8509931820854029,2.05,23.99,25.23,45.49,20.77
14,10,1.875136014354774,1.9,25.87,27.13,46.3,18.909999999999997
15,10,1.8950058901629325,1.78,27.77,28.91,47.04,20.099999999999998
16,10,1.9141926732990362,2.21,29.68,31.12,47.74,20.229999999999997
17,10,1.9370019390813733,2.02,31.62,33.14,48.61,20.81
18,10,1.9570905348478251,1.78,33.58,34.92,49.39,21.169999999999998
19,10,1.9788037237950522,1.74,35.56,36.66,50.09,19.96
20,10,1.9910742327464557,2.26,37.55,38.92,50.76,21.700000000000003
21,10,2.0183607292281462,1.82,39.57,40.74,51.64,20.930000000000007
22,10,2.0407528108624677,2.3,41.61,43.04,52.34,18.170000000000005
23,10,2.0639016217673563,2.34,43.67,45.38,53.23,19.420000000000005
24,10,2.088172371615442,1.99,45.76,47.37,54.12,18.620000000000005
25,10,2.1077974877539076,2.1,47.87,49.47,54.89,19.55
26,10,2.129491666411122,2.16,50.0,51.63,55.69,18.96
27,10,2.14904088683895,1.89,52.15,53.52,56.51,20.18
28,10,2.16968424370021,2.31,54.32,55.83,57.23,19.13
29,10,2.1910844809936845,1.97,56.51,57.8,58.11,19.97
30,10,2.210179908346376,2.22,58.72,60.02,58.85,19.959999999999997
31,10,2.2337170748667825,2.01,60.95,62.03,59.69,18.85
32,10,2.2526480858137217,2.28,63.2,64.31,60.44,19.130000000000003
33,10,2.275917420179335,2.33,65.48,66.64,61.3,17.21
34,10,2.297331691481356,2.1,67.78,68.74,62.17,18.69
35,10,2.316316162965082,2.25,70.1,70.99,62.95,19.24
36,10,2.338382269628207,2.59,72.44,73.58,63.79,18.66
37,10,2.363283829836076,2.08,74.8,75.66,64.75,17.73
38,10,2.380286789213254,2.33,77.18,77.99,65.52,19.439999999999998
39,10,2.4040531754703047,2.14,79.58,80.13,66.38,17.84
40,10,2.4232759644209168,2.5,82.0,82.63,67.17,18.36
41,10,2.4443333368535796,2.64,84.44,85.27,68.09,19.270000000000003
42,10,2.4698631829137225,2.58,86.91,87.85,69.05,18.25
43,10,2.493495842689007,2.58,89.4,90.43,69.99,17.65
44,10,2.515403261231139,2.32,91.92,92.75,70.93,18.59
45,10,2.528596945445729,2.7,94.45,95.45,71.77,20.199999999999996
46,10,2.559426981592913,2.78,97.01,98.23,72.74,18.529999999999998
47,10,2.580966862728535,2.49,99.59,100.72,73.74,19.349999999999998
48,10,2.6063757232614218,2.43,102.2,103.15,74.64,17.709999999999997
49,10,2.6268769656840423,2.61,104.83,105.76,75.5,17.830000000000002
50,10,2.647944320510501,2.51,107.48,108.27,76.43,18.490000000000002
51,10,2.6700569599577877,2.79,110.15,111.06,77.33,18.13
52,10,2.6938030940538216,2.78,112.84,113.84,78.31,17.79
53,10,2.715442915868004,2.51,115.56,116.35,79.3,18.59
54,10,2.737505965628105,2.88,118.3,119.23,80.18,18.01
55,10,2.7614262746858054,2.49,121.06,121.72,81.19,17.86
56,10,2.7733027323524055,2.73,123.83,124.45,82.06,19.64
57,10,2.8039446262202414,2.61,126.63,127.06,83.01,17.79
58,10,2.82440328823962,2.59,129.45,129.65,83.91,17.980000000000004
59,10,2.844421799812759,3.09,132.29,132.74,84.81,18.25
60,10,2.86872002625789,2.7,135.16,135.44,85.88,18.32
61,10,2.876200030063225,2.61,138.04,138.05,86.8,19.930000000000003
62,10,2.9119552052138324,3.08,140.95,141.13,87.7,17.73
63,10,2.9200499755747926,3.07,143.87,144.2,88.75,19.87
64,10,2.9573080911871013,2.74,146.83,146.94,89.79,18.349999999999998
65,10,2.9782014962880687,2.88,149.81,149.82,90.72,18.349999999999998
66,10,2.996752915998689,2.72,152.81,152.54,91.69,18.85
67,10,3.015704158319218,3.13,155.83,155.67,92.61,19.009999999999998
68,10,3.045620726979172,2.86,158.88,158.53,93.65,17.88
69,10,3.0654781655498873,2.87,161.95,161.4,94.61,18.22
70,10,3.0840914584427694,2.84,165.03,164.24,95.56,18.59
71,10,3.1029677892669256,3.06,168.13,167.3,96.51,18.810000000000002
72,10,3.1097919376723255,3.16,171.24,170.46,97.52,19.79
73,10,3.120515606813115,3.27,174.36,173.73,98.56,20.21
74,10,3.1640495414841143,3.08,177.52,176.81,99.63,19.28
75,10,3.1345153841144593,3.07,180.65,179.88,100.63,20.93
76,10,3.194543720209033,3.42,183.84,183.3,101.63,19.82
77,10,3.143057868394599,3.01,186.98,186.31,102.74,21.53
78,10,3.186385847572531,3.14,190.17,189.45,103.71,21.080000000000002
79,10,3.0308020262563273,2.84,193.2,192.29,104.72,23.62
80,10,3.0929213032841396,3.05,196.29,195.34,105.63,23.01
81,10,3.138058562310332,3.43,199.43,198.77,106.6,22.63
82,10,3.1687511550076364,3.21,202.6,201.98,107.69,22.47
83,10,3.0890368165001125,3.28,205.69,205.26,108.71,23.72
84,10,3.1772962473285635,3.16,208.87,208.42,109.74,22.82
85,10,3.166335602686748,3.42,212.04,211.84,110.73,23.169999999999998
86,10,3.158147415968553,3.32,215.2,215.16,111.8,23.49
87,10,3.192895783859169,2.91,218.39,218.07,112.83,23.27
88,10,3.2020278039388774,3.03,221.59,221.1,113.74,23.34
89,10,3.321781452830864,3.32,224.91,224.42,114.67,22.029999999999998
90,10,3.3361223551292536,3.53,228.25,227.95,115.69,22.069999999999997
