floor(cycle / (24 * 60)),pig.id,pig.target_dfi,pig.dfi,pig.target_cfi,pig.cfi,pig.weight,ET
0,0,1.8789252853422858,1.67,1.88,1.67,42.0,21.32
1,0,1.915563737568494,1.97,3.8,3.64,42.63,21.32
2,0,1.9284834757675373,1.9,5.73,5.54,43.37,21.409999999999997
3,0,1.9650088538350434,2.1,7.7,7.64,44.08,20.52
4,0,1.974325922711817,2.23,9.67,9.87,44.87,20.81
5,0,1.9613628484746384,2.21,11.63,12.08,45.7,21.869999999999997
6,0,2.0086807914642857,2.14,13.64,14.22,46.52,20.75
7,0,2.0329289918920543,1.97,15.67,16.19,47.32,20.409999999999997
8,0,2.0345528243641815,2.0,17.7,18.19,48.05,20.88
9,0,2.0119748754171893,2.26,19.71,20.45,48.78,22.05
10,0,2.06150621110911,1.84,21.77,22.29,49.62,20.95
11,0,2.0185830346132616,2.13,23.79,24.42,50.29,22.59
12,0,2.0787507659499997,1.84,25.87,26.26,51.07,21.25
13,0,2.0484027632499995,1.8,27.92,28.06,51.75,22.590000000000003
14,0,2.0583517379999994,1.95,29.98,30.01,52.4,22.73
15,0,2.1399922147999995,2.38,32.12,32.39,53.11,20.939999999999998
16,0,2.0675856676999995,2.23,34.19,34.62,53.98,23.369999999999997
17,0,2.1580112590499994,2.28,36.35,36.9,54.79,21.59
18,0,2.1807336060499996,2.04,38.53,38.94,55.61,21.49
19,0,2.1390844954999997,2.15,40.67,41.09,56.35,22.92
20,0,2.2176583551999998,2.5,42.89,43.59,57.12,21.419999999999998
21,0,2.2181857077999996,1.94,45.11,45.53,58.01,21.9
22,0,2.2037033757999995,2.38,47.31,47.91,58.71,22.58
23,0,2.1537574487999995,1.92,49.46,49.83,59.56,23.96
24,0,2.2751066488,2.49,51.74,52.32,60.24,21.659999999999997
25,0,2.2791318672000003,2.36,54.02,54.68,61.12,21.979999999999997
26,0,2.3188733197999993,2.16,56.34,56.84,61.96,21.45
27,0,2.3574094352,2.55,58.7,59.39,62.72,20.889999999999997
28,0,2.396260872699999,2.15,61.1,61.54,63.62,20.369999999999997
29,0,2.308032957199999,2.55,63.41,64.09,64.37,22.659999999999997
30,0,2.3723608658,2.37,65.78,66.46,65.26,21.659999999999993
31,0,2.35555535155,2.56,68.14,69.02,66.09,22.309999999999995
32,0,2.2149331757,2.42,70.35,71.44,66.98,25.03
33,0,2.1947197691999993,2.17,72.54,73.61,67.82,25.52
34,0,2.1366664471999997,2.32,74.68,75.93,68.57,26.5
35,0,2.2067011406999986,2.14,76.89,78.07,69.37,25.639999999999997
36,0,2.0894506054999984,2.26,78.98,80.33,70.1,27.369999999999997
37,0,2.2003422872000002,2.39,81.18,82.72,70.88,25.99
38,0,2.2160327949999994,2.25,83.4,84.97,71.7,25.9
39,0,2.24097471345,2.28,85.64,87.25,72.47,25.67
40,0,2.1984933287999993,2.29,87.84,89.54,73.24,26.36
41,0,2.2234296526999997,2.18,90.06,91.72,74.02,26.13
42,0,2.1686873637999997,2.22,92.23,93.94,74.76,26.93
43,0,2.1845203544999996,2.16,94.41,96.1,75.5,26.81
44,0,2.2545263114500007,2.53,96.66,98.63,76.23,25.99
45,0,2.3175123041999997,2.3,98.98,100.93,77.08,25.250000000000004
46,0,2.247808086249999,2.09,101.23,103.02,77.85,26.250000000000004
47,0,2.252332446999999,2.06,103.48,105.08,78.55,26.26
48,0,2.205063236199999,2.08,105.69,107.16,79.23,26.900000000000002
49,0,2.3306085149499993,2.49,108.02,109.65,79.93,25.389999999999997
50,0,2.1905691279999995,2.45,110.21,112.1,80.75,27.18
51,0,2.140418080799999,2.25,112.35,114.35,81.56,27.8
52,0,2.229548483,2.2,114.58,116.55,82.3,26.82
53,0,2.1127065256999984,2.34,116.69,118.89,83.02,28.17
54,0,2.1575066570500003,2.13,118.85,121.02,83.79,27.71
55,0,2.0861730427999996,1.85,120.94,122.87,84.49,28.5
56,0,2.2196114915500003,2.23,123.16,125.1,85.09,27.07
57,0,2.0481621083,2.13,125.21,127.23,85.81,28.92
58,0,2.1708409615499984,2.18,127.38,129.41,86.51,27.650000000000002
59,0,2.15346148105,2.1,129.53,131.51,87.21,27.85
60,0,2.2098604398,2.3,131.74,133.81,87.89,27.26
61,0,2.1419210634499986,1.95,133.88,135.76,88.63,27.99
62,0,2.1375117895000004,1.94,136.02,137.7,89.25,28.04
63,0,2.1879987471999987,2.13,138.21,139.83,89.88,27.520000000000003
64,0,2.223582980799999,2.18,140.43,142.01,90.56,27.150000000000002
65,0,2.2229846194999987,2.28,142.65,144.29,91.25,27.16
66,0,2.1470521702000007,2.13,144.8,146.42,91.98,27.94
67,0,2.1464495320000005,2.3,146.95,148.72,92.65,27.94
68,0,2.1922868096999983,2.03,149.14,150.75,93.38,27.470000000000002
69,0,2.2268771076999996,2.13,151.37,152.88,94.02,27.11
70,0,2.3282751562999993,2.2,153.7,155.08,94.69,26.040000000000003
71,0,2.2766623801999994,2.1,155.98,157.18,95.38,26.580000000000002
72,0,2.133816644799999,2.06,158.11,159.24,96.04,28.0
73,0,2.1381462811999996,2.31,160.25,161.55,96.68,27.94
74,0,2.3454446829999998,2.54,162.6,164.09,97.4,25.83
75,0,2.2831866268000005,2.48,164.88,166.57,98.19,26.459999999999997
76,0,2.2553250705,2.19,167.14,168.76,98.95,26.72
77,0,2.218648388199999,2.34,169.36,171.1,99.63,27.06
78,0,2.2096659804999996,2.04,171.57,173.14,100.35,27.119999999999997
79,0,2.2048929202,2.49,173.77,175.63,100.98,27.14
80,0,2.2703059663000005,2.48,176.04,178.11,101.74,26.469999999999995
81,0,2.052598538,2.2,178.09,180.31,102.5,28.479999999999997
82,0,2.1545170469499997,2.05,180.24,182.36,103.17,27.51
83,0,2.109424031549999,2.15,182.35,184.51,103.79,27.89
84,0,2.1639690557999995,2.29,184.51,186.8,104.44,27.35
85,0,2.04647845845,1.99,186.56,188.79,105.13,28.369999999999997
86,0,2.066708774949999,2.24,188.63,191.03,105.73,28.150000000000002
87,0,2.151656671999999,2.27,190.78,193.3,106.4,27.34
88,0,2.029449131799999,1.83,192.81,195.13,107.09,28.380000000000003
89,0,2.2056981306999988,1.97,195.02,197.1,107.63,26.76
90,0,2.3456722326999992,2.19,197.37,199.29,108.22,25.39
