floor(cycle / (24 * 60)),pig.id,pig.target_dfi,pig.dfi,pig.target_cfi,pig.cfi,pig.weight,ET
0,18,1.835882942106804,1.74,1.84,1.74,40.0,21.32
1,18,1.8743666754147092,1.65,3.71,3.39,40.69,21.32
2,18,1.8863577605959405,1.82,5.6,5.21,41.35,21.409999999999997
3,18,1.9222711819798046,2.21,7.52,7.42,42.07,20.52
4,18,1.934452897012846,1.71,9.45,9.13,42.94,20.81
5,18,1.920634744264304,1.66,11.37,10.79,43.61,21.869999999999997
6,18,1.9633497453946214,1.83,13.33,12.62,44.26,20.75
7,18,1.9861263738120623,1.77,15.32,14.39,44.98,20.409999999999997
8,18,1.9885833505787969,2.13,17.31,16.52,45.67,20.88
9,18,1.9707920911639836,1.92,19.28,18.44,46.5,22.05
10,18,2.0174713296054203,2.19,21.3,20.63,47.25,20.95
11,18,1.9813767137678115,2.15,23.28,22.78,48.1,22.59
12,18,2.040124678906222,1.88,25.32,24.66,48.93,21.25
13,18,2.0080878282705608,1.9,27.33,26.56,49.66,22.590000000000003
14,18,2.0149632479894426,2.17,29.34,28.73,50.39,22.73
15,18,2.0925228351999996,2.37,31.43,31.1,51.23,20.939999999999998
16,18,2.0259705073,2.21,33.46,33.31,52.14,23.369999999999997
17,18,2.1149045977000003,2.4,35.57,35.71,52.98,21.59
18,18,2.1405891244999995,2.37,37.71,38.08,53.9,21.49
19,18,2.105324488,2.02,39.82,40.1,54.8,22.92
20,18,2.1821582308,2.03,42.0,42.13,55.56,21.419999999999998
21,18,2.1813714142,2.02,44.18,44.15,56.33,21.9
22,18,2.169782276799999,2.24,46.35,46.39,57.09,22.58
23,18,2.1225342167999997,1.97,48.47,48.36,57.94,23.96
24,18,2.2423488172,2.38,50.71,50.74,58.68,21.659999999999997
25,18,2.2477093062000004,2.3,52.96,53.04,59.57,21.979999999999997
26,18,2.28776682095,2.05,55.25,55.09,60.43,21.45
27,18,2.3261040975499996,2.24,57.58,57.33,61.19,20.889999999999997
28,18,2.363456080699999,2.07,59.94,59.4,62.02,20.369999999999997
29,18,2.279496845799999,2.06,62.22,61.46,62.79,22.659999999999997
30,18,2.3406304820000003,2.05,64.56,63.51,63.55,21.659999999999993
31,18,2.3240891294999995,2.52,66.88,66.03,64.3,22.309999999999995
32,18,2.1892527044499994,2.38,69.07,68.41,65.23,25.03
33,18,2.170966637999999,1.92,71.24,70.33,66.1,25.52
34,18,2.1144222200000002,2.37,73.35,72.7,66.8,26.5
35,18,2.184718406699999,2.17,75.53,74.87,67.67,25.639999999999997
36,18,2.071420027299999,1.95,77.6,76.82,68.46,27.369999999999997
37,18,2.18004172295,2.27,79.78,79.09,69.17,25.99
38,18,2.196286022799999,2.32,81.98,81.41,69.99,25.9
39,18,2.2222303917,2.42,84.2,83.83,70.82,25.67
40,18,2.182478124299999,2.41,86.38,86.24,71.69,26.36
41,18,2.2086363268,2.3,88.59,88.54,72.56,26.13
42,18,2.1562327327,2.08,90.75,90.62,73.38,26.93
43,18,2.1724207422000004,1.98,92.92,92.6,74.12,26.81
44,18,2.2417132244499998,2.16,95.16,94.76,74.83,25.99
45,18,2.3034729505499993,2.6,97.46,97.36,75.59,25.250000000000004
46,18,2.2369507965499986,2.33,99.7,99.69,76.51,26.250000000000004
47,18,2.2429966678,2.11,101.94,101.8,77.34,26.26
48,18,2.197257979199999,1.97,104.14,103.77,78.08,26.900000000000002
49,18,2.3215528299499995,2.39,106.46,106.16,78.77,25.389999999999997
50,18,2.1839786398000003,2.39,108.64,108.55,79.61,27.18
51,18,2.1350236007999994,2.32,110.78,110.87,80.44,27.8
52,18,2.2239644779999996,2.47,113.0,113.34,81.25,26.82
53,18,2.109291545499999,2.21,115.11,115.55,82.1,28.17
54,18,2.1540596884499994,2.05,117.26,117.6,82.87,27.71
55,18,2.083729274199999,2.12,119.34,119.72,83.58,28.5
56,18,2.2167664220499983,2.52,121.56,122.24,84.31,27.07
57,18,2.0471460186999995,2.3,123.61,124.54,85.17,28.92
58,18,2.1695397797999996,2.01,125.78,126.55,85.96,27.650000000000002
59,18,2.1524299862499996,1.89,127.93,128.44,86.65,27.85
60,18,2.208631405799999,2.26,130.14,130.7,87.29,27.26
61,18,2.1413416042999995,2.06,132.28,132.76,88.06,27.99
62,18,2.1371955288,2.21,134.42,134.97,88.76,28.04
63,18,2.187703737999999,2.12,136.61,137.09,89.5,27.520000000000003
64,18,2.2233230626999987,2.14,138.83,139.23,90.22,27.150000000000002
65,18,2.2228583967999986,1.97,141.05,141.2,90.94,27.16
66,18,2.147295412,2.01,143.2,143.21,91.6,27.94
67,18,2.1468185462,2.32,145.35,145.53,92.27,27.94
68,18,2.1925987307999986,2.06,147.54,147.59,93.04,27.470000000000002
69,18,2.227144204949999,2.3,149.77,149.89,93.73,27.11
70,18,2.3283368682999983,2.05,152.1,151.94,94.49,26.040000000000003
71,18,2.2769005831999998,2.34,154.38,154.28,95.17,26.580000000000002
72,18,2.134093550799999,2.18,156.51,156.46,95.94,28.0
73,18,2.1382072977999993,2.31,158.65,158.77,96.66,27.94
74,18,2.3454144407,2.11,161.0,160.88,97.42,25.83
75,18,2.2833823268,2.54,163.28,163.42,98.11,26.459999999999997
76,18,2.2553558068,2.43,165.54,165.85,98.94,26.72
77,18,2.2182740311999996,2.36,167.76,168.21,99.73,27.06
78,18,2.2090411179999996,2.25,169.97,170.46,100.5,27.119999999999997
79,18,2.2037629901999987,2.09,172.17,172.55,101.23,27.14
80,18,2.2696230455000004,2.4,174.44,174.95,101.9,26.469999999999995
81,18,2.0514352591999994,2.16,176.49,177.11,102.68,28.479999999999997
82,18,2.15333241595,1.98,178.64,179.09,103.37,27.51
83,18,2.1080433119999986,2.22,180.75,181.31,104.0,27.89
84,18,2.1622347310499985,2.25,182.91,183.56,104.71,27.35
85,18,2.0441707849499995,2.32,184.95,185.88,105.43,28.369999999999997
86,18,2.0632659179499986,2.13,187.01,188.01,106.17,28.150000000000002
87,18,2.1483898347999997,2.41,189.16,190.42,106.84,27.34
88,18,2.0250012279999994,1.89,191.19,192.31,107.6,28.380000000000003
89,18,2.2013998119999987,2.26,193.39,194.57,108.2,26.76
90,18,2.341100579049999,2.12,195.73,196.69,108.91,25.39
