floor(cycle / (24 * 60)),pig.id,pig.target_dfi,pig.dfi,pig.target_cfi,pig.cfi,pig.weight,ET
0,18,1.7622771940000002,2.03,1.76,2.03,36.14,18.79
1,18,1.7931373659999998,1.64,3.55,3.67,36.98,18.79
2,18,1.825282535,1.92,5.38,5.59,37.65,17.41
3,18,1.839337864,1.83,7.22,7.42,38.44,19.380000000000003
4,18,1.8393606259999993,2.13,9.06,9.55,39.18,20.91
5,18,1.88465786,1.68,10.94,11.23,40.05,20.060000000000002
6,18,1.8886928823124636,1.96,12.83,13.19,40.74,20.73
7,18,1.924143276380425,1.88,14.75,15.07,41.53,19.800000000000004
8,18,1.942920236081598,1.86,16.69,16.93,42.29,19.7
9,18,1.9665228014257818,1.71,18.66,18.64,43.04,19.29
10,18,1.9751194967608314,1.8,20.64,20.44,43.73,19.669999999999998
11,18,2.0110424394569493,1.89,22.65,22.33,44.46,18.419999999999998
12,18,2.015511013054089,2.28,24.67,24.61,45.22,19.209999999999997
13,18,2.0037966412344423,1.98,26.67,26.59,46.13,20.64
14,18,2.029209058398543,2.19,28.7,28.78,46.92,20.24
15,18,2.0086857551347097,2.06,30.71,30.84,47.79,21.599999999999998
16,18,1.9855062321247374,2.12,32.7,32.96,48.61,22.72
17,18,2.01796306514464,1.99,34.72,34.95,49.44,22.21
18,18,2.031042966009133,1.9,36.75,36.85,50.23,22.22
19,18,2.027611391245998,1.78,38.78,38.63,50.98,22.65
20,18,2.0573254871999995,1.97,40.84,40.6,51.68,22.310000000000002
21,18,2.061116898249999,2.29,42.9,42.89,52.45,22.69
22,18,2.1007581553,1.86,45.0,44.75,53.34,22.21
23,18,2.1178001549499994,1.99,47.12,46.74,54.07,22.21
24,18,2.0962326118,1.95,49.22,48.69,54.84,23.150000000000002
25,18,2.1263661519999992,2.06,51.35,50.75,55.6,22.840000000000003
26,18,2.1363848462999995,2.22,53.49,52.97,56.39,23.000000000000007
27,18,2.2000853919999996,2.23,55.69,55.2,57.25,21.940000000000005
28,18,2.2395637288,2.02,57.93,57.22,58.11,21.42
29,18,2.1846129472,2.33,60.11,59.55,58.88,23.070000000000004
30,18,2.2994208937,2.15,62.41,61.7,59.77,20.800000000000004
31,18,2.2746027972999996,2.07,64.68,63.77,60.59,21.840000000000003
32,18,2.2856186857000007,2.49,66.97,66.26,61.38,21.950000000000003
33,18,2.329442309199999,2.45,69.3,68.71,62.32,21.37
34,18,2.3044178404999998,2.46,71.6,71.17,63.25,22.32
35,18,2.266342587199999,2.07,73.87,73.24,64.18,23.400000000000002
36,18,2.3011875032499995,2.45,76.17,75.69,64.95,22.99
37,18,2.3690049547,2.52,78.54,78.21,65.87,21.96
38,18,2.434083268299999,2.7,80.97,80.91,66.81,20.92
39,18,2.460600933699999,2.54,83.43,83.45,67.82,20.730000000000004
40,18,2.4710832507999996,2.52,85.9,85.97,68.76,20.860000000000003
41,18,2.442260303049999,2.71,88.34,88.68,69.69,21.770000000000003
42,18,2.4578590180499993,2.2,90.8,90.88,70.69,21.770000000000003
43,18,2.500901020499999,2.75,93.3,93.63,71.5,21.170000000000005
44,18,2.5595677480000005,2.66,95.86,96.29,72.5,20.28
45,18,2.5427385179499993,2.53,98.4,98.82,73.47,20.930000000000007
46,18,2.6080386660499983,2.42,101.01,101.24,74.39,19.870000000000005
47,18,2.5834165537,2.4,103.59,103.64,75.27,20.64
48,18,2.6382670437999995,2.46,106.23,106.1,76.14,19.780000000000005
49,18,2.5163513702,2.75,108.75,108.85,77.02,22.26
50,18,2.64480227905,2.38,111.39,111.23,78.01,20.17
51,18,2.597580044799999,2.82,113.99,114.05,78.86,21.240000000000006
52,18,2.5875467309499993,2.7,116.58,116.75,79.87,21.61
53,18,2.5948191091999995,2.49,119.17,119.24,80.83,21.660000000000004
54,18,2.492910555299999,2.36,121.66,121.6,81.71,23.36
55,18,2.5074303173000008,2.52,124.17,124.12,82.54,23.25
56,18,2.6076239121999993,2.84,126.78,126.96,83.43,21.86
57,18,2.6793110167000003,2.53,129.46,129.49,84.42,20.849999999999998
58,18,2.6301571312999994,2.54,132.09,132.03,85.31,21.759999999999998
59,18,2.5767044645499997,2.67,134.67,134.7,86.19,22.65
60,18,2.5549652032000005,2.63,137.22,137.33,87.12,23.04
61,18,2.6147380346999998,2.67,139.83,140.0,88.03,22.279999999999998
62,18,2.6075441919999984,2.78,142.44,142.78,88.95,22.46
63,18,2.6011016529999997,2.43,145.04,145.21,89.9,22.619999999999997
64,18,2.5500522953,2.54,147.59,147.75,90.74,23.349999999999998
65,18,2.6209372919999994,2.43,150.21,150.18,91.6,22.46
66,18,2.6033279362000004,2.79,152.81,152.97,92.43,22.739999999999995
67,18,2.702667517199999,2.42,155.51,155.39,93.38,21.439999999999998
68,18,2.8071101542999997,2.54,158.32,157.93,94.19,19.96
69,18,2.779513619499999,3.05,161.1,160.98,95.05,20.44
70,18,2.642666452949999,2.77,163.74,163.75,96.07,22.37
71,18,2.601565556999999,2.39,166.34,166.14,97.0,22.91
72,18,2.6363311869999992,2.74,168.98,168.88,97.8,22.490000000000002
73,18,2.642941499799999,2.7,171.62,171.58,98.71,22.42
74,18,2.701463661999999,2.4,174.32,173.98,99.6,21.690000000000005
75,18,2.7293581168,2.62,177.05,176.6,100.39,21.34
76,18,2.666603886999999,2.51,179.72,179.11,101.25,22.14
77,18,2.7335854191999998,2.92,182.45,182.03,102.08,21.299999999999997
78,18,2.6739374367000006,2.63,185.12,184.66,103.03,22.04
79,18,2.68377451855,2.59,187.8,187.25,103.89,21.909999999999997
80,18,2.6709092024499994,2.5,190.47,189.75,104.73,22.049999999999997
81,18,2.7865298264500002,2.94,193.26,192.69,105.53,20.61
82,18,2.688380011199999,2.96,195.95,195.65,106.48,21.8
83,18,2.7329238486999987,2.54,198.68,198.19,107.43,21.240000000000002
84,18,2.5577542587999993,2.68,201.24,200.87,108.24,23.21
85,18,2.5620687179999995,2.63,203.8,203.5,109.1,23.12
86,18,2.6790616891999983,2.78,206.48,206.28,109.93,21.780000000000005
87,18,2.65669672555,2.44,209.14,208.72,110.81,21.990000000000006
88,18,2.6221531836999987,2.65,211.76,211.37,111.58,22.33
89,18,2.6494496381999983,2.88,214.41,214.25,112.42,21.98
90,18,2.5555020862,2.5,216.97,216.75,113.32,22.930000000000003
