floor(cycle / (24 * 60)),pig.id,pig.target_dfi,pig.dfi,pig.target_cfi,pig.cfi,pig.weight,ET
0,2,1.8500538208849697,1.73,1.85,1.73,38.81,18.79
1,2,1.884220496,1.7,3.73,3.43,39.52,18.79
2,2,1.9190732677252549,2.19,5.65,5.62,40.22,17.41
3,2,1.9213071936650017,2.1,7.57,7.72,41.11,19.380000000000003
4,2,1.9115262017342372,1.85,9.48,9.57,41.97,20.91
5,2,1.9457555121181953,1.91,11.43,11.48,42.72,20.060000000000002
6,2,1.9478612580422712,1.78,13.38,13.26,43.49,20.73
7,2,1.9829767608907893,2.14,15.36,15.4,44.21,19.800000000000004
8,2,2.0033878896422435,1.74,17.36,17.14,45.08,19.7
9,2,2.0259660021324093,1.87,19.39,19.01,45.78,19.29
10,2,2.0340778471514525,2.21,21.42,21.22,46.53,19.669999999999998
11,2,2.075211478139208,1.85,23.5,23.07,47.41,18.419999999999998
12,2,2.0763165783311517,2.07,25.58,25.14,48.15,19.209999999999997
13,2,2.0585336204754117,1.86,27.64,27.0,48.98,20.64
14,2,2.0829572291372696,2.17,29.72,29.17,49.72,20.24
15,2,2.0582109968367575,2.23,31.78,31.4,50.58,21.599999999999998
16,2,2.036413334799999,1.78,33.82,33.18,51.46,22.72
17,2,2.0726541247999997,2.23,35.89,35.41,52.16,22.21
18,2,2.0932980808,2.04,37.98,37.45,53.04,22.22
19,2,2.0949817468,1.99,40.07,39.44,53.84,22.65
20,2,2.1265011146999995,2.07,42.2,41.51,54.62,22.310000000000002
21,2,2.1288281016999995,1.89,44.33,43.4,55.42,22.69
22,2,2.1651358648,2.31,46.5,45.71,56.16,22.21
23,2,2.1846380832499985,2.47,48.68,48.18,57.05,22.21
24,2,2.1632881765499996,2.06,50.84,50.24,58.01,23.150000000000002
25,2,2.1937264719999985,2.18,53.03,52.42,58.8,22.840000000000003
26,2,2.2030198888,2.43,55.23,54.85,59.64,23.000000000000007
27,2,2.2698638572,2.17,57.5,57.02,60.57,21.940000000000005
28,2,2.308882318,2.18,59.81,59.2,61.4,21.42
29,2,2.24888321645,2.54,62.06,61.74,62.23,23.070000000000004
30,2,2.370677119999999,2.18,64.43,63.92,63.2,20.800000000000004
31,2,2.341250201199999,2.43,66.77,66.35,64.02,21.840000000000003
32,2,2.3529350282999997,2.51,69.12,68.86,64.94,21.950000000000003
33,2,2.39714987605,2.21,71.52,71.07,65.89,21.37
34,2,2.3657452671999994,2.38,73.89,73.45,66.72,22.32
35,2,2.3220779262999995,2.45,76.21,75.9,67.61,23.400000000000002
36,2,2.3590373362,2.65,78.57,78.55,68.52,22.99
37,2,2.4296555082999993,2.66,81.0,81.21,69.51,21.96
38,2,2.497109156299999,2.7,83.5,83.91,70.49,20.92
39,2,2.522262824049999,2.47,86.02,86.38,71.49,20.730000000000004
40,2,2.530150732,2.68,88.55,89.06,72.4,20.860000000000003
41,2,2.4973678146999982,2.76,91.05,91.82,73.38,21.770000000000003
42,2,2.511278933549999,2.6,93.56,94.42,74.39,21.770000000000003
43,2,2.5566162794499996,2.73,96.12,97.15,75.33,21.170000000000005
44,2,2.6164673386999993,2.77,98.74,99.92,76.33,20.28
45,2,2.595941187449999,2.78,101.34,102.7,77.33,20.930000000000007
46,2,2.6642446769499992,2.37,104.0,105.07,78.33,19.870000000000005
47,2,2.6348066611999994,2.85,106.63,107.92,79.18,20.64
48,2,2.6928844779999994,2.71,109.32,110.63,80.2,19.780000000000005
49,2,2.5609946632,2.72,111.88,113.35,81.17,22.26
50,2,2.694909698449999,2.91,114.57,116.26,82.13,20.17
51,2,2.643727472799999,2.51,117.21,118.77,83.16,21.240000000000006
52,2,2.6290488432499997,2.84,119.84,121.61,84.05,21.61
53,2,2.6344849569999993,2.39,122.47,124.0,85.05,21.660000000000004
54,2,2.5239473231999994,2.72,124.99,126.72,85.88,23.36
55,2,2.53789997795,2.56,127.53,129.28,86.83,23.25
56,2,2.641589129199999,2.4,130.17,131.68,87.72,21.86
57,2,2.713917463749999,2.47,132.88,134.15,88.55,20.849999999999998
58,2,2.659372747299998,2.38,135.54,136.53,89.41,21.759999999999998
59,2,2.6005511099499996,2.64,138.14,139.17,90.23,22.65
60,2,2.5754518468,2.55,140.72,141.72,91.14,23.04
61,2,2.6360008663,2.52,143.36,144.24,92.01,22.279999999999998
62,2,2.6261262072000005,2.88,145.99,147.12,92.87,22.46
63,2,2.617372492999999,2.89,148.61,150.01,93.85,22.619999999999997
64,2,2.5623666104499994,2.28,151.17,152.29,94.83,23.349999999999998
65,2,2.6345830919999993,2.52,153.8,154.81,95.6,22.46
66,2,2.614340438799999,2.85,156.41,157.66,96.44,22.739999999999995
67,2,2.716527431999999,2.9,159.13,160.56,97.4,21.439999999999998
68,2,2.8252671546999997,3.09,161.96,163.65,98.37,19.96
69,2,2.7944939319999995,2.83,164.75,166.48,99.4,20.44
70,2,2.647864824449999,2.65,167.4,169.13,100.33,22.37
71,2,2.602769006549998,2.68,170.0,171.81,101.21,22.91
72,2,2.6374034510499995,2.76,172.64,174.57,102.09,22.490000000000002
73,2,2.6423562579999995,2.6,175.28,177.17,103.0,22.42
74,2,2.7018573182499988,2.89,177.98,180.06,103.85,21.690000000000005
75,2,2.7292753528,2.7,180.71,182.76,104.79,21.34
76,2,2.6614524777999993,2.62,183.37,185.38,105.66,22.14
77,2,2.729930757799999,2.87,186.1,188.25,106.51,21.299999999999997
78,2,2.665306228799999,2.42,188.77,190.67,107.44,22.04
79,2,2.674087026549999,2.96,191.44,193.63,108.21,21.909999999999997
80,2,2.6584566718,2.54,194.1,196.17,109.16,22.049999999999997
81,2,2.7780537554499993,2.84,196.88,199.01,109.97,20.61
82,2,2.6732786306999996,2.76,199.55,201.77,110.87,21.8
83,2,2.7182939095000003,2.79,202.27,204.56,111.75,21.240000000000002
84,2,2.53324965195,2.81,204.8,207.37,112.63,23.21
85,2,2.535915345299998,2.59,207.34,209.96,113.51,23.12
86,2,2.6565576712,2.61,210.0,212.57,114.32,21.780000000000005
87,2,2.6318614693000004,2.39,212.63,214.96,115.14,21.990000000000006
88,2,2.5945667701999997,2.37,215.22,217.33,115.88,22.33
89,2,2.622267599799999,2.6,217.84,219.93,116.61,21.98
90,2,2.523656955699999,2.28,220.36,222.21,117.42,22.930000000000003
