floor(cycle / (24 * 60)),pig.id,pig.target_dfi,pig.dfi,pig.target_cfi,pig.cfi,pig.weight,ET
0,6,1.7670771710000004,1.55,1.77,1.55,36.27,18.79
1,6,1.7905796989999998,2.03,3.56,3.58,36.91,18.79
2,6,1.8286538539999997,1.62,5.39,5.2,37.74,17.41
3,6,1.8379294400000004,1.85,7.23,7.05,38.4,19.380000000000003
4,6,1.8386932839999994,1.88,9.07,8.93,39.16,20.91
5,6,1.880270256,1.77,10.95,10.7,39.92,20.060000000000002
6,6,1.886477878503505,2.11,12.84,12.81,40.64,20.73
7,6,1.9234664655126008,1.69,14.76,14.5,41.5,19.800000000000004
8,6,1.9404649176775852,1.69,16.7,16.19,42.18,19.7
9,6,1.9625001650683258,2.13,18.66,18.32,42.86,19.29
10,6,1.9749027017620755,1.79,20.63,20.11,43.72,19.669999999999998
11,6,2.0103698164479455,1.72,22.64,21.83,44.43,18.419999999999998
12,6,2.013368743568556,2.3,24.65,24.13,45.12,19.209999999999997
13,6,2.0020107536031144,2.11,26.65,26.24,46.04,20.64
14,6,2.0284166004867012,2.09,28.68,28.33,46.88,20.24
15,6,2.007216654132239,1.72,30.69,30.05,47.71,21.599999999999998
16,6,1.9817254609068142,2.06,32.67,32.11,48.39,22.72
17,6,2.0140019682272996,1.95,34.68,34.06,49.21,22.21
18,6,2.0268219302929054,1.78,36.71,35.84,49.98,22.22
19,6,2.0227353498575162,2.02,38.73,37.86,50.68,22.65
20,6,2.0522209804499996,1.84,40.78,39.7,51.47,22.310000000000002
21,6,2.0549818875500003,1.92,42.83,41.62,52.19,22.69
22,6,2.0913084292999997,2.06,44.92,43.68,52.94,22.21
23,6,2.1101288413,1.91,47.03,45.59,53.74,22.21
24,6,2.088303581199999,2.37,49.12,47.96,54.48,23.150000000000002
25,6,2.1219881719999996,2.01,51.24,49.97,55.4,22.840000000000003
26,6,2.1316856067,2.4,53.37,52.37,56.17,23.000000000000007
27,6,2.1968041869999992,2.11,55.57,54.48,57.1,21.940000000000005
28,6,2.2351774267999995,1.94,57.81,56.42,57.91,21.42
29,6,2.1799969817499987,2.44,59.99,58.86,58.65,23.070000000000004
30,6,2.2953038692,2.51,62.29,61.37,59.58,20.800000000000004
31,6,2.2735882827999996,1.99,64.56,63.36,60.54,21.840000000000003
32,6,2.2838357285499997,2.24,66.84,65.6,61.29,21.950000000000003
33,6,2.3258617572999998,2.24,69.17,67.84,62.14,21.37
34,6,2.2995831612999993,2.21,71.47,70.05,62.99,22.32
35,6,2.2601558072,2.13,73.73,72.18,63.82,23.400000000000002
36,6,2.2955221507,2.19,76.03,74.37,64.62,22.99
37,6,2.3614079167999993,2.53,78.39,76.9,65.44,21.96
38,6,2.4262823072,2.47,80.82,79.37,66.38,20.92
39,6,2.451325935499999,2.42,83.27,81.79,67.3,20.730000000000004
40,6,2.4614150019999994,2.22,85.73,84.01,68.2,20.860000000000003
41,6,2.431532795699999,2.54,88.16,86.55,69.02,21.770000000000003
42,6,2.446363491749999,2.27,90.61,88.82,69.95,21.770000000000003
43,6,2.4897764245499987,2.52,93.1,91.34,70.79,21.170000000000005
44,6,2.546929778299999,2.82,95.65,94.16,71.71,20.28
45,6,2.5318492502999983,2.57,98.18,96.73,72.74,20.930000000000007
46,6,2.5969387824499996,2.81,100.78,99.54,73.67,19.870000000000005
47,6,2.575150231299999,2.44,103.36,101.98,74.69,20.64
48,6,2.6299472211999997,2.82,105.99,104.8,75.57,19.780000000000005
49,6,2.511239237799999,2.51,108.5,107.31,76.59,22.26
50,6,2.63788208005,2.53,111.14,109.84,77.49,20.17
51,6,2.591982274299999,2.88,113.73,112.72,78.39,21.240000000000006
52,6,2.5825641756999995,2.3,116.31,115.02,79.42,21.61
53,6,2.588572448799998,2.59,118.9,117.61,80.24,21.660000000000004
54,6,2.4880882945000002,2.34,121.39,119.95,81.15,23.36
55,6,2.5027820737,2.7,123.89,122.65,81.98,23.25
56,6,2.6030736971999997,2.64,126.49,125.29,82.93,21.86
57,6,2.6738731112499994,2.61,129.16,127.9,83.85,20.849999999999998
58,6,2.625690337699999,2.46,131.79,130.36,84.77,21.759999999999998
59,6,2.5726909207,2.76,134.36,133.12,85.62,22.65
60,6,2.5516050531999994,2.58,136.91,135.7,86.58,23.04
61,6,2.6111183066999994,2.79,139.52,138.49,87.47,22.279999999999998
62,6,2.6045089572,2.52,142.12,141.01,88.43,22.46
63,6,2.5979558229999995,2.45,144.72,143.46,89.3,22.619999999999997
64,6,2.5475507362999994,2.45,147.27,145.91,90.14,23.349999999999998
65,6,2.6180676042,2.45,149.89,148.36,90.97,22.46
66,6,2.600916216799999,2.73,152.49,151.09,91.81,22.739999999999995
67,6,2.699676717699999,2.42,155.19,153.51,92.73,21.439999999999998
68,6,2.8035681895000004,3.08,157.99,156.59,93.55,19.96
69,6,2.7773829822999985,2.63,160.77,159.22,94.59,20.44
70,6,2.641214035949999,2.63,163.41,161.85,95.47,22.37
71,6,2.6005994782499986,2.59,166.01,164.44,96.35,22.91
72,6,2.63547255705,2.93,168.65,167.37,97.21,22.490000000000002
73,6,2.6423946418000006,2.74,171.29,170.11,98.19,22.42
74,6,2.7008168060499993,2.57,173.99,172.68,99.09,21.690000000000005
75,6,2.7288275038,2.58,176.72,175.26,99.94,21.34
76,6,2.666587892799999,2.73,179.39,177.99,100.79,22.14
77,6,2.7334382071999994,2.7,182.12,180.69,101.68,21.299999999999997
78,6,2.674290796799999,2.46,184.79,183.15,102.56,22.04
79,6,2.6843281168,2.53,187.47,185.68,103.36,21.909999999999997
80,6,2.6717786947,2.42,190.14,188.1,104.18,22.049999999999997
81,6,2.7869072804499995,2.71,192.93,190.81,104.97,20.61
82,6,2.689786436799999,2.78,195.62,193.59,105.84,21.8
83,6,2.734426482699999,2.86,198.35,196.45,106.73,21.240000000000002
84,6,2.560321853249999,2.75,200.91,199.2,107.65,23.21
85,6,2.5647935231999996,2.74,203.47,201.94,108.52,23.12
86,6,2.6811722737999997,2.62,206.15,204.56,109.39,21.780000000000005
87,6,2.659363752699999,2.49,208.81,207.05,110.22,21.990000000000006
88,6,2.625124340049999,2.54,211.44,209.59,111.01,22.33
89,6,2.652683711799999,2.37,214.09,211.96,111.81,21.98
90,6,2.5605565317499996,2.34,216.65,214.3,112.55,22.930000000000003
