floor(cycle / (24 * 60)),pig.id,pig.target_dfi,pig.dfi,pig.target_cfi,pig.cfi,pig.weight,ET
0,9,1.7959860599999997,2.06,1.8,2.06,37.0,15.59
1,9,1.8298063339999997,1.79,3.63,3.85,37.86,15.59
2,9,1.856107229,1.56,5.49,5.41,38.61,15.149999999999999
3,9,1.8849954139999998,1.69,7.37,7.1,39.26,15.809999999999999
4,9,1.9126878610000002,1.83,9.28,8.93,39.97,16.11
5,9,1.9345058617627389,2.13,11.21,11.06,40.73,16.59
6,9,1.9541857753080145,2.25,13.16,13.31,41.61,14.990000000000002
7,9,1.9808219128697826,2.02,15.14,15.33,42.54,15.529999999999998
8,9,2.0024273279167315,1.72,17.14,17.05,43.38,15.529999999999998
9,9,2.0187049638100976,2.15,19.16,19.2,44.08,14.869999999999997
10,9,2.042400536939168,1.8,21.2,21.0,44.97,15.529999999999998
11,9,2.0601761039495896,2.29,23.26,23.29,45.7,15.68
12,9,2.080683671470605,2.29,25.34,25.58,46.64,16.25
13,9,2.103991685827757,2.18,27.44,27.76,47.57,15.89
14,9,2.1179056434973282,2.12,29.56,29.88,48.45,16.79
15,9,2.1413467622519358,1.84,31.7,31.72,49.31,16.25
16,9,2.1588131806868858,1.88,33.86,33.6,50.06,16.12
17,9,2.181652005290637,2.47,36.04,36.07,50.81,14.880000000000003
18,9,2.1989540369999996,2.3,38.24,38.37,51.8,16.61
19,9,2.2298242452,2.22,40.47,40.59,52.72,16.25
20,9,2.237212364799999,2.11,42.71,42.7,53.61,17.54
21,9,2.28904837,2.1,45.0,44.8,54.45,15.299999999999997
22,9,2.2997719091999995,2.31,47.3,47.11,55.28,16.490000000000002
23,9,2.3275180879999997,2.25,49.63,49.36,56.2,16.32
24,9,2.347892984049999,2.19,51.98,51.55,57.09,16.569999999999997
25,9,2.3866965044999997,2.44,54.37,53.99,57.95,15.439999999999998
26,9,2.4069909175,2.33,56.78,56.32,58.9,15.849999999999996
27,9,2.432520881199999,2.23,59.21,58.55,59.82,15.759999999999996
28,9,2.4497210900499993,2.58,61.66,61.13,60.69,16.089999999999996
29,9,2.4800554925499996,2.27,64.14,63.4,61.69,15.789999999999997
30,9,2.48960994845,2.27,66.63,65.67,62.57,16.449999999999996
31,9,2.51838175675,2.55,69.15,68.22,63.45,16.07
32,9,2.525245156199999,2.5,71.68,70.72,64.43,16.82
33,9,2.57527829605,2.45,74.26,73.17,65.39,15.509999999999998
34,9,2.5922364771999993,2.53,76.85,75.7,66.32,15.75
35,9,2.6064902847999996,2.49,79.46,78.19,67.29,16.1
36,9,2.6089526087999992,2.5,82.07,80.69,68.24,16.82
37,9,2.640113598699999,2.83,84.71,83.52,69.18,16.39
38,9,2.6793097854999997,2.87,87.39,86.39,70.25,15.720000000000002
39,9,2.725172038699999,2.46,90.12,88.85,71.33,14.68
40,9,2.723938932999999,2.57,92.84,91.42,72.25,15.579999999999998
41,9,2.7881996632999995,2.49,95.63,93.91,73.21,13.440000000000001
42,9,2.7799954062999994,2.83,98.41,96.74,74.14,14.829999999999998
43,9,2.8120055138000004,2.57,101.22,99.31,75.19,14.34
44,9,2.8118611138,2.84,104.03,102.15,76.14,15.100000000000001
45,9,2.858550013299999,2.78,106.89,104.93,77.19,13.999999999999996
46,9,2.8679034140499993,3.16,109.76,108.09,78.21,14.409999999999997
47,9,2.87107881945,2.98,112.63,111.07,79.37,15.049999999999997
48,9,2.9067925295,3.2,115.54,114.27,80.45,14.439999999999998
49,9,2.9200018367999987,2.64,118.46,116.91,81.61,14.659999999999998
50,9,2.9522532936999992,2.93,121.41,119.84,82.57,14.080000000000002
51,9,2.985259580699999,2.76,124.4,122.6,83.62,13.490000000000002
52,9,2.9722851960499996,2.72,127.37,125.32,84.61,14.489999999999998
53,9,2.967367274050001,2.82,130.34,128.14,85.59,15.069999999999997
54,9,2.9987806152999994,3.14,133.34,131.28,86.59,14.559999999999995
55,9,3.04835504955,3.11,136.39,134.39,87.71,13.490000000000002
56,9,3.0240126580499997,3.23,139.41,137.62,88.81,14.690000000000001
57,9,2.998030609299998,2.76,142.41,140.38,89.94,15.710000000000003
58,9,2.9797047055499988,3.06,145.39,143.44,90.91,16.370000000000005
59,9,3.0086138677,2.92,148.4,146.36,91.98,15.970000000000002
60,9,3.085376217999999,2.98,151.49,149.34,93.0,14.380000000000003
61,9,3.0601079051999993,3.29,154.55,152.63,94.03,15.260000000000003
62,9,3.0158583919499997,2.97,157.57,155.6,95.17,16.430000000000003
63,9,3.109193135049999,2.83,160.68,158.43,96.19,14.590000000000003
64,9,3.120494187799998,3.07,163.8,161.5,97.16,14.530000000000005
65,9,3.0510915007999992,3.09,166.85,164.59,98.21,16.180000000000003
66,9,2.995475232799999,2.91,169.85,167.5,99.26,17.32
67,9,3.096929760799999,3.09,172.95,170.59,100.24,15.540000000000001
68,9,3.0398008191999994,3.08,175.99,173.67,101.28,16.72
69,9,3.0062261092,3.29,179.0,176.96,102.32,17.37
70,9,3.0215769881999996,3.27,182.02,180.23,103.42,17.18
71,9,3.1087565387999985,3.29,185.13,183.52,104.51,15.740000000000002
72,9,3.0276528879999987,2.82,188.16,186.34,105.6,17.18
73,9,3.0846844146999994,3.33,191.24,189.67,106.53,16.28
74,9,3.0603076997,3.06,194.3,192.73,107.63,16.72
75,9,3.164115838449998,3.14,197.46,195.87,108.63,14.99
76,9,3.1380076752999986,2.94,200.6,198.81,109.66,15.49
77,9,3.1323145580499996,3.23,203.73,202.04,110.61,15.609999999999998
78,9,3.235353757299999,3.33,206.97,205.37,111.66,13.810000000000002
79,9,3.088071929449999,3.1,210.06,208.47,112.73,16.330000000000002
80,9,3.107545775199999,2.81,213.17,211.28,113.73,16.02
