floor(cycle / (24 * 60)),pig.id,pig.target_dfi,pig.dfi,pig.target_cfi,pig.cfi,pig.weight,ET
0,2,1.7722365489999996,1.67,1.77,1.67,36.41,18.79
1,2,1.7964220509999995,2.04,3.57,3.71,37.07,18.79
2,2,1.8227836759999996,1.85,5.39,5.56,37.87,19.06
3,2,1.84483606,1.64,7.23,7.2,38.6,19.39
4,2,1.8423877039999998,1.89,9.07,9.09,39.24,20.86
5,2,1.8962808059999998,1.76,10.97,10.85,39.98,19.13
6,2,1.9007770497994616,1.83,12.87,12.68,40.66,20.009999999999998
7,2,1.9364755424604803,1.64,14.81,14.32,41.37,18.699999999999996
8,2,1.9248882762899358,1.9,16.73,16.22,42.01,20.33
9,2,1.9580366292469333,1.96,18.69,18.18,42.74,19.4
10,2,1.9537487736359187,1.78,20.64,19.96,43.5,20.479999999999997
11,2,1.9795727491447055,1.98,22.62,21.94,44.19,19.949999999999996
12,2,1.9998572682900424,2.08,24.62,24.02,44.95,19.739999999999995
13,2,1.9967254044406677,2.08,26.62,26.1,45.75,20.619999999999997
14,2,2.0601627960102467,1.79,28.68,27.89,46.54,18.179999999999996
15,2,2.05819289861756,1.98,30.74,29.87,47.22,19.169999999999995
16,2,2.08732547100257,2.09,32.83,31.96,47.98,18.409999999999997
17,2,2.0929118520015186,2.01,34.92,33.97,48.77,19.0
18,2,2.098215989429514,2.31,37.02,36.28,49.53,19.46
19,2,2.1268023319156186,2.19,39.15,38.47,50.41,18.92
20,2,2.15640848745,1.91,41.31,40.38,51.23,18.35
21,2,2.137702673,1.9,43.45,42.28,51.95,20.02
22,2,2.1968154672999995,2.46,45.65,44.74,52.66,18.310000000000002
23,2,2.2306501941999994,2.49,47.88,47.23,53.58,17.86
24,2,2.2256497152999994,2.51,50.11,49.74,54.51,19.2
25,2,2.262914576799999,2.46,52.37,52.2,55.44,18.66
26,2,2.243132912999999,1.98,54.61,54.18,56.35,20.18
27,2,2.302064770299999,2.07,56.91,56.25,57.09,18.76
28,2,2.309183563000001,2.03,59.22,58.28,57.85,19.18
29,2,2.322039305,2.15,61.54,60.43,58.6,19.35
30,2,2.358368412699999,2.55,63.9,62.98,59.38,18.73
31,2,2.369785047199999,2.2,66.27,65.18,60.32,19.090000000000003
32,2,2.3674680352,2.16,68.64,67.34,61.12,19.720000000000002
33,2,2.439383817999999,2.19,71.08,69.53,61.9,17.919999999999998
34,2,2.3946992094999997,2.53,73.47,72.06,62.7,19.91
35,2,2.4649297398000005,2.53,75.93,74.59,63.61,18.38
36,2,2.4676488601999993,2.74,78.4,77.33,64.52,18.91
37,2,2.41837721755,2.33,80.82,79.66,65.51,20.73
38,2,2.4854772043,2.76,83.31,82.42,66.34,19.45
39,2,2.5456717141999987,2.75,85.86,85.17,67.33,18.3
40,2,2.5195738917999995,2.3,88.38,87.47,68.31,19.54
41,2,2.5633966432000004,2.44,90.94,89.91,69.12,18.79
42,2,2.5719493820499992,2.8,93.51,92.71,69.99,18.99
43,2,2.5714932651999987,2.3,96.08,95.01,70.98,19.44
44,2,2.5830646166999993,2.49,98.66,97.5,71.78,19.49
45,2,2.6593571577999993,2.78,101.32,100.28,72.66,17.94
46,2,2.6395291777,2.84,103.96,103.12,73.63,18.88
47,2,2.6198809357,2.37,106.58,105.49,74.62,19.689999999999998
48,2,2.7085758407999987,2.69,109.29,108.18,75.44,17.9
49,2,2.6780526419500004,2.48,111.97,110.66,76.37,18.99
50,2,2.71961922695,2.67,114.69,113.33,77.23,18.33
51,2,2.7053026347999993,2.51,117.4,115.84,78.14,18.96
52,2,2.698331512,2.74,120.1,118.58,79.0,19.36
53,2,2.7366745418,2.81,122.84,121.39,79.94,18.82
54,2,2.7934594675,2.56,125.63,123.95,80.9,17.85
55,2,2.820454236199999,3.04,128.45,126.99,81.77,17.5
56,2,2.8036592698000002,2.9,131.25,129.89,82.79,18.18
57,2,2.845600351449999,2.91,134.1,132.8,83.77,17.529999999999998
58,2,2.8564653294999993,2.82,136.96,135.62,84.75,17.56
59,2,2.813050428299999,2.66,139.77,138.28,85.69,18.68
60,2,2.8592734116999994,3.02,142.63,141.3,86.58,17.95
61,2,2.8271186761999996,2.75,145.46,144.05,87.58,18.78
62,2,2.723622772049999,2.71,148.18,146.76,88.49,20.69
63,2,2.77984009555,2.76,150.96,149.52,89.39,19.89
64,2,2.72989116655,2.49,153.69,152.01,90.29,20.79
65,2,2.7906883212999998,2.92,156.48,154.93,91.11,19.919999999999998
66,2,2.7313296992999994,2.84,159.21,157.77,92.06,20.93
67,2,2.692400466299999,2.98,161.9,160.75,92.99,21.56
68,2,2.6929535278000003,2.74,164.59,163.49,93.96,21.61
69,2,2.7628739077999995,2.97,167.35,166.46,94.84,20.669999999999998
70,2,2.7163437780000006,2.75,170.07,169.21,95.8,21.38
71,2,2.8441424291999993,3.14,172.91,172.35,96.68,19.58
72,2,2.829681726799999,2.71,175.74,175.06,97.69,19.86
73,2,2.9095651757499996,2.85,178.65,177.91,98.55,18.689999999999998
74,2,2.9069293332999995,2.87,181.56,180.78,99.46,18.79
75,2,2.9198899647999994,2.63,184.48,183.41,100.36,18.639999999999997
76,2,2.9527684055499996,2.78,187.43,186.19,101.19,18.169999999999998
77,2,2.8555281411999993,3.04,190.29,189.23,102.07,19.659999999999997
78,2,2.9140483311999996,2.96,193.2,192.19,103.02,18.839999999999996
79,2,2.8077229137999997,2.8,196.01,194.99,103.94,20.34
80,2,2.9347726761999993,2.64,198.94,197.63,104.82,18.58
81,2,2.982837612699999,2.79,201.92,200.42,105.63,17.88
82,2,2.967953367999999,2.77,204.89,203.19,106.5,18.12
83,2,2.8854842907499982,3.0,207.78,206.19,107.35,19.290000000000003
84,2,2.9535387861999993,2.69,210.73,208.88,108.27,18.34
85,2,2.9922846767999984,3.11,213.72,211.99,109.09,17.78
86,2,2.9183118057999993,3.2,216.64,215.19,110.04,18.81
87,2,2.8917704587999986,2.73,219.53,217.92,111.01,19.14
88,2,2.845113032799999,2.6,222.38,220.52,111.84,19.71
89,2,2.913777353199999,2.76,225.29,223.28,112.62,18.8
90,2,2.8296872567500007,2.58,228.12,225.86,113.45,19.83
