floor(cycle / (24 * 60)),pig.id,pig.target_dfi,pig.dfi,pig.target_cfi,pig.cfi,pig.weight,ET
0,1,1.7495421059999998,1.59,1.75,1.59,36.77,21.32
1,1,1.572707873296361,1.84,3.32,3.43,37.43,27.06621530949533
2,1,1.595633343847473,1.46,4.92,4.89,38.19,27.03621530949533
3,1,1.6202522744787529,1.55,6.54,6.44,38.79,26.876215309495333
4,1,1.485450754535249,1.33,8.03,7.77,39.42,29.59621530949533
5,1,1.6401641357454149,1.47,9.67,9.24,39.97,27.126215309495333
6,1,1.685739153626564,1.93,11.36,11.17,40.57,26.47621530949533
7,1,1.696283734675279,1.61,13.06,12.78,41.36,26.54621530949533
8,1,1.5800997185698988,1.46,14.64,14.24,42.02,28.85621530949533
9,1,1.6734578394181423,1.78,16.31,16.02,42.61,27.396215309495332
10,1,1.7298909719432005,1.95,18.04,17.97,43.33,26.54621530949533
11,1,1.7354934004002642,2.01,19.78,19.98,44.12,26.69
12,1,1.7100922786533106,1.73,21.49,21.71,44.93,27.4
13,1,1.8261214347842492,2.02,23.32,23.73,45.63,25.35
14,1,1.8051676077465968,1.92,25.13,25.65,46.44,26.049999999999997
15,1,1.808879635806915,1.6,26.94,27.25,47.21,26.209999999999997
16,1,1.8226884700668562,1.78,28.76,29.03,47.85,26.129999999999995
17,1,1.8657385414853622,1.98,30.63,31.01,48.56,25.49
18,1,1.8770740174811171,2.04,32.51,33.05,49.35,25.499999999999996
19,1,1.778214224138084,1.76,34.29,34.81,50.16,27.509999999999998
20,1,1.8594458740456075,1.62,36.15,36.43,50.86,26.25
21,1,1.8770121375,1.73,38.03,38.16,51.5,26.15
22,1,1.9079840811999997,1.87,39.94,40.03,52.18,25.839999999999996
23,1,1.7892233842,1.81,41.73,41.84,52.92,28.089999999999996
24,1,1.7387459464499992,1.81,43.47,43.65,53.63,29.03
25,1,1.712242830299999,1.6,45.18,45.25,54.34,29.57
26,1,1.68977669545,1.59,46.87,46.84,54.97,30.009999999999998
27,1,1.6925574718000003,1.96,48.56,48.8,55.59,30.1
28,1,1.71553068625,1.98,50.28,50.78,56.35,29.95
29,1,1.7453173671999997,1.53,52.03,52.31,57.12,29.71
30,1,1.74018832955,1.71,53.77,54.02,57.71,29.89
31,1,1.6899551956999994,1.47,55.46,55.49,58.37,30.64
32,1,1.7433949643,1.76,57.2,57.25,58.94,30.07
33,1,1.8671076426999995,1.71,59.07,58.96,59.62,28.57
34,1,1.7515857141999993,1.79,60.82,60.75,60.28,30.19
35,1,1.7586086728000005,1.93,62.58,62.68,60.96,30.21
36,1,1.7677539295000007,1.59,64.35,64.27,61.7,30.209999999999997
37,1,1.7305422718000003,1.59,66.08,65.86,62.31,30.740000000000002
38,1,1.7339658931999997,1.67,67.81,67.53,62.92,30.78
39,1,1.8127640317499998,1.82,69.62,69.35,63.55,29.93
40,1,1.8905494987999996,1.93,71.51,71.28,64.24,29.07
41,1,1.93859351345,1.93,73.45,73.21,64.97,28.570000000000004
42,1,1.77865612,1.7,75.23,74.91,65.7,30.6
43,1,1.8556958417999991,1.96,77.09,76.87,66.34,29.78
44,1,1.8606039141999995,2.16,78.95,79.03,67.08,29.81
45,1,1.9041844355499995,1.66,80.85,80.69,67.89,29.390000000000004
46,1,1.8400995302999998,1.89,82.69,82.58,68.51,30.2
47,1,1.8884481672000002,1.76,84.58,84.34,69.22,29.72
48,1,1.9734695144499985,1.77,86.55,86.11,69.87,28.790000000000003
49,1,1.9762248659499997,2.27,88.53,88.38,70.53,28.830000000000002
50,1,2.0491710007,2.16,90.58,90.54,71.37,28.040000000000003
51,1,1.9611015024499987,1.96,92.54,92.5,72.17,29.17
52,1,1.9936436697999989,1.72,94.53,94.22,72.89,28.860000000000007
53,1,2.0421780411999997,2.16,96.57,96.38,73.52,28.350000000000005
54,1,1.9814764991999991,1.92,98.55,98.3,74.32,29.120000000000005
55,1,2.1249546761999984,1.96,100.67,100.26,75.02,27.500000000000007
56,1,2.0630032761999986,1.93,102.73,102.19,75.73,28.300000000000008
57,1,2.0538665067999995,1.86,104.78,104.05,76.44,28.460000000000004
58,1,2.05367619805,2.02,106.83,106.07,77.11,28.51
59,1,2.183230666799999,2.42,109.01,108.49,77.84,27.050000000000004
60,1,2.1419162991999996,1.87,111.15,110.36,78.72,27.610000000000003
61,1,2.254370196049999,2.44,113.4,112.8,79.39,26.310000000000002
62,1,2.263547739449999,2.14,115.66,114.94,80.27,26.270000000000003
63,1,2.291975304799999,2.07,117.95,117.01,81.04,25.980000000000004
64,1,2.3222680801999984,2.33,120.27,119.34,81.77,25.66
65,1,2.1601762235499997,2.34,122.43,121.68,82.61,27.63
66,1,2.1634709707999993,2.2,124.59,123.88,83.44,27.63
67,1,2.2057902426999996,2.43,126.8,126.31,84.22,27.189999999999998
68,1,2.291042420949999,2.58,129.09,128.89,85.07,26.25
69,1,2.3253816576999995,2.14,131.42,131.03,85.98,25.889999999999997
70,1,2.114574097449999,1.86,133.53,132.89,86.73,28.25
71,1,2.1356818843000003,2.15,135.67,135.04,87.39,28.039999999999996
72,1,1.9570168663,2.21,137.63,137.25,88.14,29.830000000000002
73,1,1.9606535090499984,1.79,139.59,139.04,88.91,29.79
74,1,1.8904747167,1.9,141.48,140.94,89.53,30.439999999999998
75,1,2.1602309055499997,2.24,143.64,143.18,90.19,27.810000000000002
76,1,1.9885726647999993,2.09,145.63,145.27,90.96,29.5
77,1,1.8722255872000004,2.13,147.5,147.4,91.68,30.560000000000002
78,1,1.9240498636999988,1.64,149.42,149.04,92.42,30.070000000000004
79,1,1.9551230526999999,1.8,151.38,150.84,92.98,29.77
80,1,1.9214536828,2.19,153.3,153.03,93.59,30.06
81,1,1.8761986847999998,1.66,155.18,154.69,94.34,30.439999999999998
82,1,1.8395504777999994,1.98,157.02,156.67,94.91,30.740000000000002
83,1,1.9270540581999986,1.71,158.95,158.38,95.58,29.94
84,1,2.0461561927999976,2.09,161.0,160.47,96.16,28.830000000000002
85,1,2.000013388449998,2.16,163.0,162.63,96.87,29.230000000000004
86,1,1.8577091919999988,2.05,164.86,164.68,97.6,30.460000000000004
87,1,1.8231680032999986,2.03,166.68,166.71,98.29,30.72
88,1,1.8163629651999993,1.94,168.5,168.65,98.97,30.740000000000002
89,1,1.9490589271999996,1.8,170.45,170.45,99.62,29.56
90,1,1.9510868066999973,1.92,172.4,172.37,100.22,29.51
