floor(cycle / (24 * 60)),pig.id,pig.target_dfi,pig.dfi,pig.target_cfi,pig.cfi,pig.weight,ET
0,16,1.7461169460000001,1.96,1.75,1.96,36.67,21.32
1,16,1.5715705174781218,1.41,3.32,3.37,37.39,27.06621530949533
2,16,1.5874750071652393,1.54,4.91,4.91,37.9,27.03621530949533
3,16,1.6110180179782798,1.37,6.52,6.28,38.46,26.876215309495333
4,16,1.473902548625498,1.61,7.99,7.89,38.96,29.59621530949533
5,16,1.6287590796539029,1.8,9.62,9.69,39.55,27.126215309495333
6,16,1.6787641834659155,1.63,11.3,11.32,40.2,26.47621530949533
7,16,1.6862478030394272,1.65,12.99,12.97,40.79,26.54621530949533
8,16,1.5699593990568237,1.76,14.56,14.73,41.38,28.85621530949533
9,16,1.6637190419290129,1.64,16.22,16.37,42.02,27.396215309495332
10,16,1.7178015953616037,1.45,17.94,17.82,42.61,26.54621530949533
11,16,1.719244406824386,1.67,19.66,19.49,43.13,26.69
12,16,1.691325242939928,1.6,21.35,21.09,43.73,27.4
13,16,1.8038240389666593,1.97,23.15,23.06,44.3,25.35
14,16,1.782190188950777,2.0,24.93,25.06,45.0,26.049999999999997
15,16,1.785580080811308,1.81,26.72,26.87,45.71,26.209999999999997
16,16,1.7997123980095084,1.73,28.52,28.6,46.35,26.129999999999995
17,16,1.8411241085803003,2.05,30.36,30.65,46.97,25.49
18,16,1.8519149786286788,1.6,32.21,32.25,47.69,25.499999999999996
19,16,1.7525637975166948,1.46,33.96,33.71,48.26,27.509999999999998
20,16,1.829988986509456,1.97,35.79,35.68,48.77,26.25
21,16,1.8452366645205849,1.65,37.64,37.33,49.46,26.15
22,16,1.8697923839349362,1.72,39.51,39.05,50.04,25.839999999999996
23,16,1.749007987284318,1.78,41.26,40.83,50.65,28.089999999999996
24,16,1.6967140514499996,1.74,42.96,42.57,51.27,29.03
25,16,1.6702547939499996,1.38,44.63,43.95,51.87,29.57
26,16,1.6469975057500001,1.68,46.28,45.63,52.35,30.009999999999998
27,16,1.6502956958,1.63,47.93,47.26,52.94,30.1
28,16,1.6706227375000005,1.53,49.6,48.79,53.5,29.95
29,16,1.69695060145,1.93,51.3,50.72,54.03,29.71
30,16,1.6944995244999999,1.46,52.99,52.18,54.7,29.89
31,16,1.6448917119999993,1.82,54.63,54.0,55.2,30.64
32,16,1.6985063594499994,1.98,56.33,55.98,55.83,30.07
33,16,1.8190535865499995,1.82,58.15,57.8,56.51,28.57
34,16,1.7085149609499994,1.78,59.86,59.58,57.13,30.19
35,16,1.7156649012999998,1.63,61.58,61.21,57.74,30.21
36,16,1.723501314499999,1.68,63.3,62.89,58.3,30.209999999999997
37,16,1.6884170981999995,1.39,64.99,64.28,58.87,30.740000000000002
38,16,1.6912105618000006,1.83,66.68,66.11,59.34,30.78
39,16,1.7682437057999993,1.83,68.45,67.94,59.96,29.93
40,16,1.8435046456999997,1.67,70.29,69.61,60.58,29.07
41,16,1.8888555822999988,2.09,72.18,71.7,61.14,28.570000000000004
42,16,1.7370813174999997,1.65,73.92,73.35,61.85,30.6
43,16,1.8113914479999993,1.54,75.73,74.89,62.4,29.78
44,16,1.8152329781999996,2.08,77.55,76.97,62.92,29.81
45,16,1.8575878256999987,2.14,79.41,79.11,63.62,29.390000000000004
46,16,1.7989139066999993,1.64,81.21,80.75,64.33,30.2
47,16,1.8451566671999995,1.85,83.06,82.6,64.88,29.72
48,16,1.927465914549999,2.01,84.99,84.61,65.49,28.790000000000003
49,16,1.931919642799999,1.78,86.92,86.39,66.16,28.830000000000002
50,16,2.000669039499999,1.79,88.92,88.18,66.75,28.040000000000003
51,16,1.916978945299999,2.12,90.84,90.3,67.34,29.17
52,16,1.949682590799999,2.12,92.79,92.42,68.04,28.860000000000007
53,16,1.9982216152999988,1.77,94.79,94.19,68.74,28.350000000000005
54,16,1.9406758991999993,1.77,96.73,95.96,69.32,29.120000000000005
55,16,2.077307904999999,2.18,98.81,98.14,69.9,27.500000000000007
56,16,2.020848933799999,1.76,100.83,99.9,70.61,28.300000000000008
57,16,2.0130727468000003,1.81,102.84,101.71,71.19,28.460000000000004
58,16,2.0140728089499986,2.2,104.85,103.91,71.77,28.51
59,16,2.138419789049999,1.89,106.99,105.8,72.49,27.050000000000004
60,16,2.0997526144999994,2.09,109.09,107.89,73.1,27.610000000000003
61,16,2.2075702576999996,2.17,111.3,110.06,73.78,26.310000000000002
62,16,2.217202578449999,2.22,113.52,112.28,74.47,26.270000000000003
63,16,2.2458525008,2.34,115.77,114.62,75.19,25.980000000000004
64,16,2.276750471799999,2.49,118.05,117.11,75.94,25.66
65,16,2.1270897869499996,2.39,120.18,119.5,76.73,27.63
66,16,2.1323944055,2.11,122.31,121.61,77.5,27.63
67,16,2.17390253795,2.19,124.48,123.8,78.17,27.189999999999998
68,16,2.2554053112999997,2.36,126.74,126.16,78.86,26.25
69,16,2.28936857605,2.36,129.03,128.52,79.61,25.889999999999997
70,16,2.09444127375,1.83,131.12,130.35,80.35,28.25
71,16,2.1160508487,1.91,133.24,132.26,80.93,28.039999999999996
72,16,1.9498123959499984,1.7,135.19,133.96,81.53,29.830000000000002
73,16,1.9551397042999996,2.17,137.15,136.13,82.06,29.79
74,16,1.8911726608000003,1.82,139.04,137.95,82.74,30.439999999999998
75,16,2.1466614295,2.31,141.19,140.26,83.3,27.810000000000002
76,16,1.9880439061999988,1.77,143.18,142.03,84.02,29.5
77,16,1.8807159936999998,1.59,145.06,143.62,84.57,30.560000000000002
78,16,1.9318200732999988,1.96,146.99,145.58,85.06,30.070000000000004
79,16,1.96297380995,1.75,148.95,147.33,85.67,29.77
80,16,1.933407437799999,1.7,150.88,149.03,86.21,30.06
81,16,1.8935220127000005,1.73,152.77,150.76,86.73,30.439999999999998
82,16,1.8611146037999997,1.71,154.63,152.47,87.26,30.740000000000002
83,16,1.945697397799999,1.8,156.58,154.27,87.79,29.94
84,16,2.0592200892999992,1.98,158.64,156.25,88.34,28.830000000000002
85,16,2.0186896882999994,2.24,160.66,158.49,88.94,29.230000000000004
86,16,1.8881408422000001,1.85,162.55,160.34,89.62,30.460000000000004
87,16,1.8584788193000004,2.04,164.41,162.38,90.19,30.72
88,16,1.8547296119999994,1.64,166.26,164.02,90.8,30.740000000000002
89,16,1.9816328920000001,1.97,168.24,165.99,91.3,29.56
90,16,1.985772468549998,1.91,170.23,167.9,91.89,29.51
