floor(cycle / (24 * 60)),pig.id,pig.target_dfi,pig.dfi,pig.target_cfi,pig.cfi,pig.weight,ET
0,14,1.7608963326834737,1.51,1.76,1.51,39.93,21.32
1,14,1.7224222402736142,1.82,3.48,3.33,40.49,26.00647447397914
2,14,1.7187245387226378,1.44,5.2,4.77,41.16,26.386474473979142
3,14,1.7120748038305345,1.84,6.91,6.61,41.69,26.75647447397914
4,14,1.7479532051502358,1.76,8.66,8.37,42.36,26.10647447397914
5,14,1.7614035993767845,1.59,10.42,9.96,43.01,26.01647447397914
6,14,1.699986681501865,1.5,12.12,11.46,43.59,27.686474473979143
7,14,1.707219815303187,1.84,13.83,13.3,44.14,27.696474473979144
8,14,1.6754214156491651,1.61,15.51,14.91,44.81,28.60647447397914
9,14,1.6908981818230524,1.45,17.2,16.36,45.39,28.436474473979143
10,14,1.6974898132689011,1.89,18.9,18.25,45.92,28.446474473979144
11,14,1.750175191437116,2.04,20.65,20.29,46.6,27.49647447397914
12,14,1.7087292843624675,1.95,22.36,22.24,47.34,28.606474473979144
13,14,1.6842762443577741,1.45,24.04,23.69,48.04,29.31647447397914
14,14,1.6602806283561375,1.85,25.7,25.54,48.57,29.96
15,14,1.6452771443027008,1.46,27.35,27.0,49.23,30.44
16,14,1.6606283930294838,1.77,29.01,28.77,49.75,30.25
17,14,1.6381407831272659,1.5,30.65,30.27,50.39,30.87
18,14,1.7549226185539362,1.94,32.4,32.21,50.92,28.599999999999998
19,14,1.7595406685018717,1.67,34.16,33.88,51.61,28.759999999999998
20,14,1.7006590543467501,1.87,35.86,35.75,52.21,30.18
21,14,1.761355143284951,2.02,37.62,37.77,52.87,29.21
22,14,1.8001689240030092,1.74,39.42,39.51,53.59,28.71
23,14,1.742495577013613,1.59,41.16,41.1,54.2,30.07
24,14,1.7711108167776874,1.53,42.93,42.63,54.76,29.71
25,14,1.7959441695928677,1.94,44.73,44.57,55.3,29.419999999999998
26,14,1.8245552181576061,1.68,46.55,46.25,55.98,29.109999999999996
27,14,1.7729094058810486,1.77,48.32,48.02,56.57,30.3
28,14,1.7965084581265263,1.61,50.12,49.63,57.19,30.06
29,14,1.7642509113073386,1.71,51.88,51.34,57.75,30.85
30,14,1.8662875023519154,1.88,53.75,53.22,58.35,29.14
31,14,1.8731524651768745,2.01,55.62,55.23,59.0,29.23
32,14,1.866594941396608,1.99,57.49,57.22,59.7,29.58
33,14,1.8127249550514264,1.59,59.3,58.81,60.39,30.78
34,14,1.9137779689881884,1.99,61.21,60.8,60.94,29.119999999999997
35,14,1.9627372607495643,1.81,63.17,62.61,61.63,28.459999999999997
36,14,1.9811941563261108,2.19,65.15,64.8,62.25,28.33
37,14,1.9851006937358633,2.19,67.14,66.99,63.0,28.5
38,14,1.9961770105889316,2.24,69.14,69.23,63.75,28.54
39,14,2.1042654984515865,2.4,71.24,71.63,64.52,26.89
40,14,2.1712352359819485,1.89,73.41,73.52,65.33,25.979999999999997
41,14,2.1452641015940994,2.0,75.56,75.52,65.98,26.65
42,14,2.0817278674628437,2.37,77.64,77.89,66.65,27.95
43,14,2.174476250173569,2.17,79.81,80.06,67.46,26.619999999999997
44,14,2.0575439305470917,1.96,81.87,82.02,68.19,28.81
45,14,2.1755787426407007,2.18,84.05,84.2,68.85,27.029999999999998
46,14,2.16882103135351,2.26,86.22,86.46,69.58,27.359999999999996
47,14,2.1956446038432964,2.41,88.42,88.87,70.34,27.14
48,14,2.222690549609667,2.18,90.64,91.05,71.14,26.93
49,14,2.3433154819896598,2.2,92.98,93.25,71.87,25.16
50,14,2.302352496270613,2.39,95.28,95.64,72.6,26.06
51,14,2.203596597381789,2.34,97.48,97.98,73.39,27.87
52,14,2.307455152574719,2.31,99.79,100.29,74.16,26.43
53,14,2.3204931162973543,2.11,102.11,102.4,74.93,26.439999999999998
54,14,2.2444565788620805,1.96,104.35,104.36,75.62,27.82
55,14,2.351624967854438,2.39,106.7,106.75,76.26,26.320000000000004
56,14,2.291578656944365,2.58,108.99,109.33,77.04,27.46
57,14,2.2710309086826723,2.1,111.26,111.43,77.88,27.990000000000002
58,14,2.438304943453901,2.73,113.7,114.16,78.57,25.61
59,14,2.4421806667815362,2.57,116.14,116.73,79.45,25.790000000000003
60,14,2.4404154375125184,2.5,118.58,119.23,80.29,26.04
61,14,2.473611045990898,2.23,121.05,121.46,81.09,25.75
62,14,2.5367005482605616,2.51,123.59,123.97,81.81,24.99
63,14,2.5061364813093614,2.65,126.1,126.62,82.61,25.66
64,14,2.4300763353543067,2.27,128.53,128.89,83.46,26.990000000000002
65,14,2.527850870784155,2.81,131.06,131.7,84.18,25.74
66,14,2.4865704171058645,2.63,133.55,134.33,85.08,26.56
67,14,2.549113095165322,2.47,136.1,136.8,85.91,25.860000000000003
68,14,2.5504098897921006,2.45,138.65,139.25,86.69,26.029999999999998
69,14,2.474172647369445,2.62,141.12,141.87,87.46,27.29
70,14,2.493126595042039,2.63,143.61,144.5,88.29,27.209999999999997
71,14,2.641343577482603,2.34,146.25,146.84,89.11,25.32
72,14,2.5834175952219014,2.82,148.83,149.66,89.84,26.299999999999997
73,14,2.624574623108271,2.59,151.45,152.25,90.72,25.93
74,14,2.6435634361287477,2.8,154.09,155.05,91.52,25.85
75,14,2.557901044229009,2.38,156.65,157.43,92.39,27.21
76,14,2.677338933852299,2.86,159.33,160.29,93.13,25.75
77,14,2.715998027448599,2.46,162.05,162.75,94.0,25.42
78,14,2.7114075621286307,2.96,164.76,165.71,94.76,25.65
79,14,2.6884978305871274,2.61,167.45,168.32,95.66,26.15
80,14,2.6322701010539795,2.41,170.08,170.73,96.46,27.060000000000002
81,14,2.6732345250220795,2.69,172.75,173.42,97.19,26.67
82,14,2.6038524543636576,2.41,175.35,175.83,98.01,27.74
83,14,2.640043835487179,2.47,177.99,178.3,98.73,27.41
84,14,2.7032565263719697,2.43,180.69,180.73,99.48,26.74
85,14,2.7183419091887617,2.81,183.41,183.54,100.21,26.689999999999998
86,14,2.74999013584579,2.57,186.16,186.11,101.05,26.449999999999996
87,14,2.7421464663250235,2.56,188.9,188.67,101.82,26.7
88,14,2.802730884593565,3.09,191.7,191.76,102.58,26.08
89,14,2.6240750978964544,2.71,194.32,194.47,103.5,28.499999999999996
90,14,2.8676232627639187,2.6,197.19,197.07,104.3,25.599999999999998
