floor(cycle / (24 * 60)),pig.id,pig.target_dfi,pig.dfi,pig.target_cfi,pig.cfi,pig.weight,ET
0,8,1.761100722584537,1.52,1.76,1.52,39.94,21.32
1,8,1.7230575742683216,1.83,3.48,3.35,40.53,26.00647447397914
2,8,1.7197992690630715,1.58,5.2,4.93,41.23,26.386474473979142
3,8,1.7143135675878172,1.82,6.91,6.75,41.84,26.75647447397914
4,8,1.750721086984949,1.5,8.66,8.25,42.54,26.10647447397914
5,8,1.7630917017644048,1.74,10.42,9.99,43.12,26.01647447397914
6,8,1.7027830483850603,1.46,12.12,11.45,43.79,27.686474473979143
7,8,1.7099997241901275,1.45,13.83,12.9,44.34,27.696474473979144
8,8,1.676619634344947,1.76,15.51,14.66,44.9,28.60647447397914
9,8,1.693296814522522,1.42,17.2,16.08,45.57,28.436474473979143
10,8,1.7000082414553706,1.94,18.9,18.02,46.11,28.446474473979144
11,8,1.75346032521527,1.63,20.65,19.65,46.84,27.49647447397914
12,8,1.710290271957336,1.53,22.36,21.18,47.46,28.606474473979144
13,8,1.6842762443577741,1.96,24.04,23.14,48.04,29.31647447397914
14,8,1.662842946735685,1.78,25.7,24.92,48.78,29.96
15,8,1.6478958477435703,1.93,27.35,26.85,49.45,30.44
16,8,1.6656394308062665,1.42,29.02,28.27,50.17,30.25
17,8,1.641730653568407,1.48,30.66,29.75,50.7,30.87
18,8,1.7605544516138756,2.04,32.42,31.79,51.26,28.599999999999998
19,8,1.7674862011760186,1.77,34.19,33.56,52.02,28.759999999999998
20,8,1.7092722230302337,1.86,35.9,35.42,52.68,30.18
21,8,1.770783509601204,1.55,37.67,36.97,53.37,29.21
22,8,1.8068478857683499,1.79,39.48,38.76,53.94,28.71
23,8,1.7499101051461339,1.48,41.23,40.24,54.61,30.07
24,8,1.7782218728770645,1.51,43.01,41.75,55.15,29.71
25,8,1.8034624880104841,1.73,44.81,43.48,55.71,29.419999999999998
26,8,1.8313772136998938,1.76,46.64,45.24,56.35,29.109999999999996
27,8,1.780291419121959,1.78,48.42,47.02,56.99,30.3
28,8,1.8046216266428823,1.9,50.22,48.92,57.65,30.06
29,8,1.774306399890252,1.64,51.99,50.56,58.34,30.85
30,8,1.8769372413792909,1.91,53.87,52.47,58.94,29.14
31,8,1.8846063336331482,1.91,55.75,54.38,59.64,29.23
32,8,1.877668624025741,1.83,57.63,56.21,60.33,29.58
33,8,1.8227624942609366,1.9,59.45,58.11,60.99,30.78
34,8,1.9268698451884878,1.73,61.38,59.84,61.68,29.119999999999997
35,8,1.9749907170935588,1.82,63.35,61.66,62.31,28.459999999999997
36,8,1.9939859315628987,1.93,65.34,63.59,62.96,28.33
37,8,1.9966797735276245,2.19,67.34,65.78,63.65,28.5
38,8,2.0083823212949916,2.22,69.35,68.0,64.44,28.54
39,8,2.117496502249851,1.96,71.47,69.96,65.23,26.89
40,8,2.1827226534609694,2.32,73.65,72.28,65.93,25.979999999999997
41,8,2.159768036003856,1.92,75.81,74.2,66.76,26.65
42,8,2.0956993955578604,2.28,77.91,76.48,67.44,27.95
43,8,2.1890309715811873,2.19,80.1,78.67,68.25,26.619999999999997
44,8,2.0716301717381933,2.22,82.17,80.89,69.02,28.81
45,8,2.1926612038808297,2.09,84.36,82.98,69.8,27.029999999999998
46,8,2.185802406319266,2.01,86.55,84.99,70.54,27.359999999999996
47,8,2.2116102670190774,2.12,88.76,87.11,71.24,27.14
48,8,2.2376261538859463,1.97,91.0,89.08,71.98,26.93
49,8,2.358401409506435,2.65,93.36,91.73,72.67,25.16
50,8,2.3203221057803862,2.11,95.68,93.84,73.59,26.06
51,8,2.219363866261474,2.2,97.9,96.04,74.32,27.87
52,8,2.323780734134957,2.1,100.22,98.14,75.08,26.43
53,8,2.3360310719370267,2.29,102.56,100.43,75.81,26.439999999999998
54,8,2.2608691090744832,1.96,104.82,102.39,76.6,27.82
55,8,2.369381382154846,2.59,107.19,104.98,77.27,26.320000000000004
56,8,2.3104047343150933,2.26,109.5,107.24,78.16,27.46
57,8,2.2882690474167493,2.28,111.79,109.52,78.93,27.990000000000002
58,8,2.4583877339957394,2.54,114.25,112.06,79.7,25.61
59,8,2.461682971315072,2.52,116.71,114.58,80.56,25.790000000000003
60,8,2.4599990731560437,2.46,119.17,117.04,81.42,26.04
61,8,2.493825774308301,2.59,121.66,119.63,82.25,25.75
62,8,2.5600524841341517,2.74,124.22,122.37,83.12,24.99
63,8,2.530903142248864,2.65,126.75,125.02,84.04,25.66
64,8,2.4540975612715474,2.25,129.2,127.27,84.92,26.990000000000002
65,8,2.5533575737586305,2.36,131.75,129.63,85.67,25.74
66,8,2.509421599057058,2.41,134.26,132.04,86.46,26.56
67,8,2.571920202994426,2.44,136.83,134.48,87.26,25.860000000000003
68,8,2.573321056228688,2.74,139.4,137.22,88.06,26.029999999999998
69,8,2.4982256298801553,2.53,141.9,139.75,88.97,27.29
70,8,2.517142716690166,2.66,144.42,142.41,89.8,27.209999999999997
71,8,2.6677387165428152,2.7,147.09,145.11,90.67,25.32
72,8,2.611260295121743,2.39,149.7,147.5,91.55,26.299999999999997
73,8,2.6510178504574897,2.45,152.35,149.95,92.33,25.93
74,8,2.669810307295345,2.75,155.02,152.7,93.12,25.85
75,8,2.5831235956472023,2.45,157.6,155.15,94.01,27.21
76,8,2.704605450084743,2.53,160.3,157.68,94.8,25.75
77,8,2.742643877432038,2.66,163.04,160.34,95.62,25.42
78,8,2.7391993288324294,2.46,165.78,162.8,96.47,25.65
79,8,2.7137889203528296,2.97,168.49,165.77,97.25,26.15
80,8,2.6589596624525726,2.44,171.15,168.21,98.2,27.060000000000002
81,8,2.7008194762141002,2.44,173.85,170.65,98.97,26.67
82,8,2.629702932295248,2.72,176.48,173.37,99.75,27.74
83,8,2.668205370884607,2.84,179.15,176.21,100.61,27.41
84,8,2.734131588884718,2.61,181.88,178.82,101.5,26.74
85,8,2.7505342566719726,2.59,184.63,181.41,102.32,26.689999999999998
86,8,2.78187477354777,2.64,187.41,184.05,103.13,26.449999999999996
87,8,2.77439250440542,2.82,190.18,186.87,103.95,26.7
88,8,2.8374196479764238,2.72,193.02,189.59,104.83,26.08
89,8,2.654595156037769,2.93,195.67,192.52,105.67,28.499999999999996
90,8,2.9029412475683993,2.77,198.57,195.29,106.57,25.599999999999998
