floor(cycle / (24 * 60)),pig.id,pig.target_dfi,pig.dfi,pig.target_cfi,pig.cfi,pig.weight,ET
0,2,1.6683677319999997,1.65,1.67,1.65,36.0,15.59
1,2,1.6914960985499994,1.78,3.36,3.43,36.61,15.59
2,2,1.7109814107999997,1.5,5.07,4.93,37.26,14.959999999999999
3,2,1.7304364816999995,1.67,6.8,6.6,37.82,14.77
4,2,1.7581164749499998,1.98,8.56,8.58,38.43,15.370000000000001
5,2,1.7788181282499997,1.67,10.34,10.25,39.15,14.59
6,2,1.8054102327999997,1.63,12.15,11.88,39.76,15.1
7,2,1.8297267367999994,1.96,13.98,13.84,40.36,17.16
8,2,1.8522222637000003,2.1,15.83,15.94,41.07,14.959999999999997
9,2,1.8811080206999995,1.74,17.71,17.68,41.83,15.319999999999997
10,2,1.9041574698000001,2.04,19.61,19.72,42.46,16.22
11,2,1.9292282319999996,2.19,21.54,21.91,43.2,15.34
12,2,1.9567548562999997,1.8,23.5,23.71,43.99,15.719999999999999
13,2,1.9766801847999993,1.88,25.48,25.59,44.64,16.509999999999998
14,2,2.0010027592999995,2.12,27.48,27.71,45.31,15.839999999999998
15,2,2.0237612224499997,2.05,29.5,29.76,46.07,16.43
16,2,2.03977597,2.09,31.54,31.85,46.8,17.35
17,2,2.0722029137499995,2.35,33.61,34.2,47.55,16.25
18,2,2.0904915832,2.3,35.7,36.5,48.38,17.16
19,2,2.126350648,1.86,37.83,38.36,49.2,15.879999999999999
20,2,2.14472619875,2.3,39.97,40.66,49.85,16.15
21,2,2.1595846917999997,1.94,42.13,42.6,50.66,17.099999999999998
22,2,2.192392125749999,2.0,44.32,44.6,51.35,15.89
23,2,2.20411778575,2.32,46.52,46.92,52.05,16.79
24,2,2.2443587113,2.28,48.76,49.2,52.86,14.850000000000001
25,2,2.2599699377999998,2.03,51.02,51.23,53.66,15.979999999999997
26,2,2.2847042518,2.34,53.3,53.57,54.36,15.51
27,2,2.3109014061999997,2.37,55.61,55.94,55.18,15.219999999999999
28,2,2.3119152879999993,2.49,57.92,58.43,56.0,16.98
29,2,2.3269063393,2.11,60.25,60.54,56.86,17.41
30,2,2.3631954386999996,2.4,62.61,62.94,57.58,16.43
31,2,2.375385722799999,2.44,64.99,65.38,58.41,16.98
32,2,2.4034677617499987,2.18,67.39,67.56,59.25,16.63
33,2,2.4069071977999994,2.19,69.8,69.75,59.99,17.380000000000003
34,2,2.4409306308,2.39,72.24,72.14,60.74,16.64
35,2,2.471219895,2.65,74.71,74.79,61.55,16.1
36,2,2.5051176429999997,2.72,77.22,77.51,62.45,15.42
37,2,2.527556729449999,2.37,79.75,79.88,63.37,15.45
38,2,2.5487582528,2.44,82.3,82.32,64.16,15.340000000000002
39,2,2.5869450532,2.55,84.89,84.87,64.98,14.080000000000002
40,2,2.6083592767999995,2.48,87.5,87.35,65.84,14.080000000000002
41,2,2.63568879795,2.67,90.14,90.02,66.67,13.490000000000002
42,2,2.6438809604999993,2.57,92.78,92.59,67.55,14.48
43,2,2.64646540605,2.94,95.43,95.53,68.41,15.41
44,2,2.6755142371999985,2.54,98.11,98.07,69.38,15.040000000000003
45,2,2.710926351699999,2.52,100.82,100.59,70.22,14.130000000000003
46,2,2.7230425604999993,2.66,103.54,103.25,71.05,14.48
47,2,2.7194705091999993,2.62,106.26,105.87,71.92,15.490000000000002
48,2,2.747502073699999,2.92,109.01,108.79,72.77,15.040000000000003
49,2,2.7749680414499998,2.87,111.78,111.66,73.73,14.690000000000001
50,2,2.8145143403,2.86,114.59,114.52,74.66,13.690000000000001
51,2,2.829548491199999,2.77,117.42,117.29,75.58,13.88
52,2,2.8338791231999996,2.87,120.25,120.16,76.48,14.48
53,2,2.8693306570000003,2.69,123.12,122.85,77.4,13.690000000000001
54,2,2.8768809187999995,3.09,126.0,125.94,78.26,14.080000000000002
55,2,2.9127892999999996,2.89,128.91,128.83,79.25,13.3
56,2,2.9253846241999995,3.04,131.84,131.87,80.17,13.500000000000004
57,2,2.904110946449999,2.69,134.74,134.56,81.13,14.93
58,2,2.9251337577000003,2.83,137.67,137.39,81.98,14.690000000000003
59,2,2.943567239449999,2.72,140.61,140.11,82.87,14.55
60,2,2.9767213321999995,3.21,143.59,143.32,83.72,13.870000000000001
61,2,2.96577072495,3.25,146.56,146.57,84.73,14.75
62,2,2.932632713799998,2.86,149.49,149.43,85.74,16.060000000000002
63,2,2.9028652114499987,2.81,152.39,152.24,86.63,17.029999999999998
64,2,2.906032652999999,2.85,155.3,155.09,87.5,17.18
65,2,2.9156886201999996,2.67,158.22,157.76,88.38,17.18
66,2,2.976174478,3.18,161.2,160.94,89.2,16.03
67,2,2.9634900171999985,3.13,164.16,164.07,90.18,16.56
68,2,2.9608991772,3.18,167.12,167.25,91.13,16.82
69,2,3.0421311729999987,3.22,170.16,170.47,92.1,15.22
70,2,3.0345594174499992,2.8,173.19,173.27,93.07,15.629999999999999
71,2,3.0116458591999997,3.14,176.2,176.41,93.92,16.299999999999997
72,2,3.0440010523,3.06,179.24,179.47,94.86,15.789999999999996
73,2,3.0785594226999997,2.89,182.32,182.36,95.78,15.21
74,2,3.095091673249999,3.22,185.42,185.58,96.65,15.010000000000002
75,2,3.142885152,3.21,188.56,188.79,97.6,14.09
76,2,3.178437860799999,3.22,191.74,192.01,98.56,13.420000000000002
77,2,3.136677580299999,3.01,194.88,195.02,99.51,14.600000000000001
78,2,3.178179361999999,3.42,198.06,198.44,100.4,13.810000000000002
79,2,3.1029688119999994,3.27,201.16,201.71,101.4,15.56
80,2,3.1236892619999996,3.23,204.28,204.94,102.35,15.26
