floor(cycle / (24 * 60)),pig.id,pig.target_dfi,pig.dfi,pig.target_cfi,pig.cfi,pig.weight,ET
0,18,1.7940386374966415,1.55,1.79,1.55,38.13,21.32
1,18,1.6696808257808766,1.6,3.46,3.15,38.71,25.755327210898127
2,18,1.6192015400000002,1.41,5.08,4.56,39.3,27.18
3,18,1.6287137860000007,1.4,6.71,5.96,39.82,27.27
4,18,1.6905247552881402,1.48,8.4,7.44,40.34,26.29
5,18,1.697058441895402,1.58,10.1,9.02,40.89,26.36
6,18,1.6945476823767505,1.7,11.79,10.72,41.47,26.619999999999997
7,18,1.7118960342180567,1.43,13.5,12.15,42.1,26.490000000000002
8,18,1.6696101590680705,1.7,15.17,13.85,42.62,27.470000000000002
9,18,1.7452992074833376,2.03,16.92,15.88,43.25,26.21
10,18,1.7106895155514024,1.88,18.63,17.76,43.99,27.12
11,18,1.7655186199857673,1.51,20.4,19.27,44.68,26.28
12,18,1.7646729043217497,1.6,22.16,20.87,45.23,26.470000000000002
13,18,1.7972196270072334,1.69,23.96,22.56,45.81,26.01
14,18,1.7921032666390162,1.57,25.75,24.13,46.42,26.299999999999997
15,18,1.7510789903777666,1.47,27.5,25.6,46.99,27.22
16,18,1.7380952653183512,1.91,29.24,27.51,47.52,27.580000000000002
17,18,1.6974369374054081,1.42,30.94,28.93,48.21,28.41
18,18,1.7872807789206369,1.71,32.73,30.64,48.73,27.020000000000007
19,18,1.8403344418310823,1.88,34.57,32.52,49.34,26.210000000000004
20,18,1.8180959112587458,1.84,36.39,34.36,50.02,26.790000000000006
21,18,1.7684684282868004,1.67,38.16,36.03,50.67,27.78
22,18,1.7897924151999993,1.5,39.95,37.53,51.27,27.580000000000002
23,18,1.8137510712999998,1.98,41.76,39.51,51.81,27.360000000000003
24,18,1.7899515382999993,1.92,43.55,41.43,52.51,27.960000000000004
25,18,1.833569558049999,1.89,45.38,43.32,53.19,27.470000000000006
26,18,1.9175001247999992,1.87,47.3,45.19,53.86,26.280000000000005
27,18,1.8947700751999992,1.68,49.19,46.87,54.52,26.880000000000006
28,18,1.843782967199999,1.97,51.03,48.84,55.12,27.860000000000007
29,18,1.94824838055,2.01,52.98,50.85,55.81,26.390000000000008
30,18,2.020866995200001,1.73,55.0,52.58,56.52,25.36
31,18,1.923981587199999,2.15,56.92,54.73,57.12,27.16
32,18,2.032473705699999,1.84,58.95,56.57,57.87,25.6
33,18,1.9330412051999997,2.09,60.88,58.66,58.52,27.380000000000003
34,18,1.9652522737999991,2.22,62.85,60.88,59.24,27.069999999999997
35,18,2.0031669163,1.83,64.85,62.71,60.01,26.68
36,18,1.867852579499999,1.8,66.72,64.51,60.65,28.76
37,18,1.961409777449999,2.13,68.68,66.64,61.27,27.590000000000003
38,18,1.9289960225499994,2.15,70.61,68.79,62.01,28.19
39,18,2.066791408799999,2.15,72.68,70.94,62.74,26.360000000000003
40,18,2.0871004251999987,2.23,74.77,73.17,63.48,26.22
41,18,2.048738768749999,2.13,76.82,75.3,64.25,26.950000000000003
42,18,2.07534782795,1.83,78.9,77.13,64.97,26.71
43,18,2.067706311999999,2.04,80.97,79.17,65.6,26.94
44,18,2.090203973550001,2.03,83.06,81.2,66.29,26.75
45,18,2.0969372381999998,2.15,85.16,83.35,66.98,26.78
46,18,2.1600655495000005,2.38,87.32,85.73,67.7,26.009999999999998
47,18,2.2445333878,1.98,89.56,87.71,68.51,24.9
48,18,2.2396915769499985,2.38,91.8,90.09,69.17,25.11
49,18,2.11692655395,1.97,93.92,92.06,69.97,26.990000000000002
50,18,2.1057849064499994,2.0,96.03,94.06,70.63,27.23
51,18,2.1723750320000006,1.91,98.2,95.97,71.3,26.439999999999998
52,18,2.189465452199999,2.13,100.39,98.1,71.93,26.299999999999997
53,18,2.1406461567999995,2.14,102.53,100.24,72.64,27.04
54,18,2.070042542499999,2.05,104.6,102.29,73.35,27.999999999999996
55,18,2.2145167289499996,2.36,106.81,104.65,74.03,26.249999999999996
56,18,2.1738627595499995,2.29,108.98,106.94,74.81,26.869999999999997
57,18,2.2739410558000004,2.39,111.25,109.33,75.56,25.649999999999995
58,18,2.1866164952999996,2.01,113.44,111.34,76.34,26.87
59,18,2.0758188750000004,1.93,115.52,113.27,77.0,28.25
60,18,2.1759690396999996,2.14,117.7,115.41,77.63,27.119999999999997
61,18,2.0015775967000002,1.8,119.7,117.21,78.33,29.159999999999997
62,18,1.9931440552999995,2.16,121.69,119.37,78.91,29.279999999999998
63,18,1.9753446938,1.79,123.67,121.16,79.61,29.499999999999996
64,18,1.8654552012999994,2.08,125.54,123.24,80.19,30.64
65,18,2.0350336687999993,2.25,127.58,125.49,80.86,28.92
66,18,2.032060871799999,1.94,129.61,127.43,81.59,28.98
67,18,2.121578298299999,1.85,131.73,129.28,82.21,28.04
68,18,2.175233277999999,2.0,133.91,131.28,82.8,27.47
69,18,2.2167386107999993,2.02,136.13,133.3,83.44,27.03
70,18,2.0917399211999994,2.0,138.22,135.3,84.08,28.430000000000003
71,18,2.2058298291999994,2.44,140.43,137.74,84.72,27.21
72,18,2.1683094490499997,2.24,142.6,139.98,85.49,27.65
73,18,2.233919394999999,2.5,144.83,142.48,86.2,26.950000000000003
74,18,2.205198224549999,2.45,147.04,144.93,86.99,27.290000000000003
75,18,2.3498446688,2.45,149.39,147.38,87.76,25.680000000000003
76,18,2.1581501842,2.07,151.55,149.45,88.53,27.82
77,18,2.316571984699999,2.43,153.87,151.88,89.18,26.110000000000003
78,18,2.157241478799999,2.3,156.03,154.18,89.94,27.840000000000003
79,18,2.0513448799999994,1.91,158.08,156.09,90.65,28.9
80,18,2.047610927799999,2.3,160.13,158.39,91.24,28.93
81,18,2.0215394697999987,2.16,162.15,160.55,91.96,29.169999999999998
82,18,2.2344958131999997,2.19,164.38,162.74,92.62,27.039999999999996
83,18,2.225529365499999,2.01,166.61,164.75,93.3,27.13
84,18,2.26932106805,2.24,168.88,166.99,93.91,26.669999999999998
85,18,2.154585693,1.86,171.03,168.85,94.6,27.83
86,18,2.0505420312,2.32,173.08,171.17,95.17,28.819999999999997
87,18,1.9734355282000002,2.25,175.05,173.42,95.88,29.509999999999994
88,18,1.9561371568,2.19,177.01,175.61,96.56,29.639999999999997
89,18,2.0870416867,1.87,179.1,177.48,97.22,28.409999999999997
90,18,1.8980668298000007,1.87,181.0,179.35,97.79,30.099999999999994
