floor(cycle / (24 * 60)),pig.id,pig.target_dfi,pig.dfi,pig.target_cfi,pig.cfi,pig.weight,ET
0,9,1.736498834,1.79,1.74,1.79,36.39,21.32
1,9,1.623206643924435,1.48,3.36,3.27,37.13,25.755327210898127
2,9,1.5756321559999997,1.35,4.94,4.62,37.73,27.18
3,9,1.5868148890000007,1.58,6.53,6.2,38.29,27.27
4,9,1.6520462709999997,1.45,8.18,7.65,38.93,26.29
5,9,1.6654172159999996,1.93,9.85,9.58,39.52,26.36
6,9,1.6740884777225031,1.54,11.52,11.12,40.31,26.619999999999997
7,9,1.6914737604686736,1.68,13.21,12.8,40.93,26.490000000000002
8,9,1.6529002206748868,1.78,14.86,14.58,41.61,27.470000000000002
9,9,1.7295700747584215,1.46,16.59,16.04,42.33,26.21
10,9,1.6933570420599464,1.48,18.28,17.52,42.92,27.12
11,9,1.7463922369890552,2.0,20.03,19.52,43.52,26.28
12,9,1.750048355824076,1.54,21.78,21.06,44.32,26.470000000000002
13,9,1.7831860774926382,1.85,23.56,22.91,44.94,26.01
14,9,1.7805259720971274,1.83,25.34,24.74,45.68,26.299999999999997
15,9,1.742523980179454,1.56,27.08,26.3,46.41,27.22
16,9,1.7311034524816031,1.53,28.81,27.83,47.03,27.580000000000002
17,9,1.6897672124909853,1.45,30.5,29.28,47.64,28.41
18,9,1.7799297343387637,1.82,32.28,31.1,48.21,27.020000000000007
19,9,1.8344279215172723,2.03,34.11,33.13,48.93,26.210000000000004
20,9,1.8141223600382401,2.08,35.92,35.21,49.73,26.790000000000006
21,9,1.766940124244379,1.8,37.69,37.01,50.55,27.78
22,9,1.7895953737999999,1.96,39.48,38.97,51.26,27.580000000000002
23,9,1.8178632051999999,2.04,41.3,41.01,52.02,27.360000000000003
24,9,1.7957391111999996,2.05,43.1,43.06,52.82,27.960000000000004
25,9,1.8416304476999987,1.68,44.94,44.74,53.62,27.470000000000006
26,9,1.9254927426999995,1.76,46.87,46.5,54.27,26.280000000000005
27,9,1.9027774104999995,2.1,48.77,48.6,54.95,26.880000000000006
28,9,1.8550842051999987,2.1,50.63,50.7,55.77,27.860000000000007
29,9,1.9623722556999998,2.24,52.59,52.94,56.58,26.390000000000008
30,9,2.0382407168,1.85,54.63,54.79,57.44,25.36
31,9,1.9414260894999986,2.08,56.57,56.87,58.15,27.16
32,9,2.0516951108,2.11,58.62,58.98,58.94,25.6
33,9,1.9527173429999993,2.09,60.57,61.07,59.75,27.380000000000003
34,9,1.9859270382999998,2.16,62.56,63.23,60.54,27.069999999999997
35,9,2.0245818447999997,2.21,64.58,65.44,61.36,26.68
36,9,1.8889638119999994,2.11,66.47,67.55,62.2,28.76
37,9,1.9860536020499986,1.72,68.46,69.27,62.99,27.590000000000003
38,9,1.9509080717999998,2.09,70.41,71.36,63.64,28.19
39,9,2.0915236632,1.86,72.5,73.22,64.42,26.360000000000003
40,9,2.1108677152,2.11,74.61,75.33,65.12,26.22
41,9,2.07106262305,2.37,76.68,77.7,65.91,26.950000000000003
42,9,2.099498327049999,2.26,78.78,79.96,66.79,26.71
43,9,2.0934849571999994,2.39,80.87,82.35,67.63,26.94
44,9,2.1179151790500006,2.38,82.99,84.73,68.51,26.75
45,9,2.126020298799999,2.26,85.12,86.99,69.39,26.78
46,9,2.1912624816999986,2.03,87.31,89.02,70.22,26.009999999999998
47,9,2.2765040152,2.4,89.59,91.42,70.97,24.9
48,9,2.272994020749999,2.32,91.86,93.74,71.85,25.11
49,9,2.1450092075500002,1.85,94.01,95.59,72.69,26.990000000000002
50,9,2.132482654799999,2.24,96.14,97.83,73.36,27.23
51,9,2.2015331312,2.18,98.34,100.01,74.18,26.439999999999998
52,9,2.2194697848,2.29,100.56,102.3,74.96,26.299999999999997
53,9,2.1685368553000006,2.24,102.73,104.54,75.79,27.04
54,9,2.0947826800000002,2.04,104.82,106.58,76.6,27.999999999999996
55,9,2.243700130449999,2.24,107.06,108.82,77.33,26.249999999999996
56,9,2.2000696609499997,2.4,109.26,111.22,78.13,26.869999999999997
57,9,2.3033513287000003,2.5,111.56,113.72,78.98,25.649999999999995
58,9,2.2116299164499997,2.13,113.77,115.85,79.87,26.87
59,9,2.095700765699999,2.16,115.87,118.01,80.62,28.25
60,9,2.1991541772999996,2.06,118.07,120.07,81.39,27.119999999999997
61,9,2.0166009042999997,1.76,120.09,121.83,82.11,29.159999999999997
62,9,2.0067803857000004,1.9,122.1,123.73,82.73,29.279999999999998
63,9,1.9868389299999984,2.02,124.09,125.75,83.4,29.499999999999996
64,9,1.872054382,2.01,125.96,127.76,84.1,30.64
65,9,2.0464662879999995,1.97,128.01,129.73,84.8,28.92
66,9,2.0417983527999994,1.98,130.05,131.71,85.49,28.98
67,9,2.133573931199999,2.06,132.18,133.77,86.18,28.04
68,9,2.1883821985499994,2.08,134.37,135.85,86.89,27.47
69,9,2.2303998435499994,2.22,136.6,138.07,87.61,27.03
70,9,2.0988903859499994,1.96,138.7,140.03,88.37,28.430000000000003
71,9,2.2163890107999986,2.15,140.92,142.18,89.04,27.21
72,9,2.1754917026999996,2.34,143.1,144.52,89.78,27.65
73,9,2.242385781699999,2.37,145.34,146.89,90.58,26.950000000000003
74,9,2.210612784699999,1.95,147.55,148.84,91.38,27.290000000000003
75,9,2.3598307647999994,2.15,149.91,150.99,92.04,25.680000000000003
76,9,2.158283108199999,2.24,152.07,153.23,92.77,27.82
77,9,2.32190662895,2.32,154.39,155.55,93.53,26.110000000000003
78,9,2.1541153992999993,1.95,156.54,157.5,94.31,27.840000000000003
79,9,2.042690744799999,2.1,158.58,159.6,94.96,28.9
80,9,2.0372079052999994,2.15,160.62,161.75,95.66,28.93
81,9,2.0086069697,2.02,162.63,163.77,96.38,29.169999999999998
82,9,2.2285946544999993,2.43,164.86,166.2,97.05,27.039999999999996
83,9,2.2174064323,2.09,167.08,168.29,97.86,27.13
84,9,2.26149201925,2.37,169.34,170.66,98.55,26.669999999999998
85,9,2.1399355349499993,2.35,171.48,173.01,99.33,27.83
86,9,2.0292358530000003,2.25,173.51,175.26,100.1,28.819999999999997
87,9,1.9471345577999994,2.15,175.46,177.41,100.84,29.509999999999994
88,9,1.9274483727999998,1.9,177.39,179.31,101.54,29.639999999999997
89,9,2.0625052748000003,2.35,179.45,181.66,102.16,28.409999999999997
90,9,1.8630770492000006,1.91,181.31,183.57,102.92,30.099999999999994
