floor(cycle / (24 * 60)),pig.id,pig.target_dfi,pig.dfi,pig.target_cfi,pig.cfi,pig.weight,ET
0,3,1.8901637196889072,2.07,1.89,2.07,40.0,15.59
1,3,1.93466572733553,1.9,3.82,3.97,40.78,15.59
2,3,1.9535047160383052,2.21,5.77,6.18,41.5,15.499999999999996
3,3,1.9745284821525686,1.71,7.74,7.89,42.33,16.79
4,3,1.9901162692893049,2.28,9.73,10.17,42.97,16.839999999999996
5,3,2.011978290695777,2.15,11.74,12.32,43.82,16.58
6,3,2.033081859250765,2.32,13.77,14.64,44.62,15.049999999999999
7,3,2.0549617846473205,2.23,15.82,16.87,45.49,15.75
8,3,2.0751184100356945,2.32,17.9,19.19,46.32,14.77
9,3,2.0962336084524105,1.93,20.0,21.12,47.17,15.149999999999999
10,3,2.1040575085389968,2.18,22.1,23.3,47.89,16.95
11,3,2.1297166903268923,2.22,24.23,25.52,48.69,15.89
12,3,2.1367610474506633,2.15,26.37,27.67,49.5,17.16
13,3,2.1665325119794603,1.91,28.54,29.58,50.29,15.719999999999999
14,3,2.1831728782999997,2.4,30.72,31.98,50.99,15.64
15,3,2.2127217638,2.45,32.93,34.43,51.86,15.100000000000001
16,3,2.2339358204999997,2.31,35.16,36.74,52.75,15.919999999999998
17,3,2.2604070803,2.21,37.42,38.95,53.59,15.719999999999999
18,3,2.2732884485499993,2.02,39.69,40.97,54.39,16.61
19,3,2.2985071931999994,2.13,41.99,43.1,55.12,16.25
20,3,2.3127150702000003,2.02,44.3,45.12,55.88,16.729999999999997
21,3,2.3444753210499996,2.08,46.64,47.2,56.61,15.89
22,3,2.3445021594999997,2.15,48.98,49.35,57.35,17.16
23,3,2.3803594781999995,2.17,51.36,51.52,58.12,16.25
24,3,2.3943827398000006,2.36,53.75,53.88,58.89,16.619999999999997
25,3,2.41268634895,2.22,56.16,56.1,59.73,16.79
26,3,2.44904589655,2.22,58.61,58.32,60.51,15.85
27,3,2.4444226655,2.15,61.05,60.47,61.3,17.13
28,3,2.5013795592499988,2.38,63.55,62.85,62.05,14.97
29,3,2.51435804505,2.7,66.06,65.55,62.89,15.529999999999998
30,3,2.52590019545,2.69,68.59,68.24,63.83,16.15
31,3,2.5448721562,2.79,71.13,71.03,64.77,16.3
32,3,2.557788097799999,2.72,73.69,73.75,65.74,16.700000000000003
33,3,2.5931122708,2.49,76.28,76.24,66.69,16.1
34,3,2.5787624029999994,2.76,78.86,79.0,67.55,17.380000000000003
35,3,2.619256362,2.7,81.48,81.7,68.5,16.64
36,3,2.6238688267,2.33,84.1,84.03,69.42,17.15
37,3,2.6985457616999984,2.47,86.8,86.5,70.22,14.809999999999999
38,3,2.7017336842999993,2.91,89.5,89.41,71.06,15.489999999999998
39,3,2.733135693,2.74,92.23,92.15,72.05,15.019999999999996
40,3,2.7790702126999993,3.05,95.01,95.2,72.98,13.690000000000001
41,3,2.789510986299999,2.9,97.8,98.1,74.01,14.280000000000001
42,3,2.8051407900499994,2.67,100.61,100.77,74.99,14.469999999999999
43,3,2.7390631951999995,2.78,103.35,103.55,75.88,17.28
44,3,2.840869492049998,2.93,106.19,106.48,76.81,14.449999999999998
45,3,2.8082182295500004,2.54,109.0,109.02,77.79,16.21
46,3,2.84286227095,3.09,111.84,112.11,78.63,15.57
47,3,2.8168953917999997,2.72,114.66,114.83,79.66,16.82
48,3,2.86399139575,2.75,117.52,117.58,80.55,15.889999999999999
49,3,2.8877260902999993,2.82,120.41,120.4,81.46,15.609999999999998
50,3,2.8640307172,3.11,123.27,123.51,82.38,16.64
51,3,2.883819429999999,3.06,126.15,126.57,83.4,16.5
52,3,2.918339422299999,2.68,129.07,129.25,84.39,15.96
53,3,2.9247371877999995,2.99,131.99,132.24,85.26,16.1
54,3,2.9635839151999988,3.2,134.95,135.44,86.23,15.420000000000002
55,3,2.93638764675,2.71,137.89,138.15,87.25,16.430000000000003
56,3,2.9623408971999985,2.84,140.85,140.99,88.12,16.060000000000002
57,3,3.0108329916999996,3.25,143.86,144.24,89.03,15.120000000000001
58,3,3.050310469699999,3.05,146.91,147.29,90.07,14.399999999999999
59,3,2.980015585449999,3.03,149.89,150.32,91.03,16.39
60,3,2.950794087049999,2.76,152.84,153.08,91.99,17.19
61,3,3.063335803799999,3.03,155.9,156.11,92.86,14.899999999999999
62,3,3.0187406330499997,2.98,158.92,159.09,93.81,16.129999999999995
63,3,3.0201646212999997,2.83,161.94,161.92,94.74,16.27
64,3,2.97043511095,3.09,164.91,165.01,95.63,17.369999999999997
65,3,3.0159604931999997,3.03,167.93,168.04,96.58,16.64
66,3,3.0129355031999996,2.97,170.94,171.01,97.52,16.82
67,3,3.0628462308,3.03,174.0,174.04,98.44,15.98
68,3,2.971493558199998,2.97,176.97,177.01,99.37,17.740000000000002
69,3,2.997655304199999,3.03,179.97,180.04,100.28,17.37
70,3,3.0337499879999994,3.22,183.0,183.26,101.2,16.82
71,3,3.078029949699999,2.8,186.08,186.06,102.18,16.11
72,3,2.97382841595,3.0,189.05,189.06,103.03,17.93
73,3,3.064204737449999,2.93,192.11,191.99,103.93,16.490000000000002
74,3,3.0596051158,2.97,195.17,194.96,104.81,16.62
75,3,3.0788379569999997,3.24,198.25,198.2,105.7,16.340000000000003
76,3,3.0850437806999986,3.06,201.34,201.26,106.67,16.28
77,3,3.088946931699999,2.81,204.43,204.07,107.58,16.25
78,3,3.019583093049999,3.26,207.45,207.33,108.41,17.37
79,3,3.0463575814499992,3.19,210.5,210.52,109.37,16.97
80,3,3.1120233417999996,2.99,213.61,213.51,110.31,15.940000000000001
