floor(cycle / (24 * 60)),pig.id,pig.target_dfi,pig.dfi,pig.target_cfi,pig.cfi,pig.weight,ET
0,5,1.7561765599999999,2.04,1.76,2.04,36.0,15.59
1,5,1.7904440339999996,1.73,3.55,3.77,36.86,15.59
2,5,1.818235836,1.53,5.37,5.3,37.58,15.499999999999996
3,5,1.8474242659999998,2.07,7.22,7.37,38.22,16.79
4,5,1.8796766559999996,1.72,9.1,9.09,39.08,16.839999999999996
5,5,1.906276884,1.99,11.01,11.08,39.79,16.58
6,5,1.9277018650763607,1.96,12.94,13.04,40.62,15.049999999999999
7,5,1.952333684302539,1.97,14.89,15.01,41.43,15.75
8,5,1.9698237426395937,1.77,16.86,16.78,42.24,14.77
9,5,1.9909309660094536,2.06,18.85,18.84,42.97,15.149999999999999
10,5,2.009926998946837,2.12,20.86,20.96,43.81,16.95
11,5,2.034937484687432,1.77,22.89,22.73,44.68,15.89
12,5,2.04590556233012,1.96,24.94,24.69,45.4,17.16
13,5,2.0721759347488473,1.99,27.01,26.68,46.2,15.719999999999999
14,5,2.0916909933965977,1.94,29.1,28.62,47.01,15.64
15,5,2.1111167427136905,2.23,31.21,30.85,47.79,15.100000000000001
16,5,2.1295588522552706,2.19,33.34,33.04,48.69,15.919999999999998
17,5,2.150701251522104,2.21,35.49,35.25,49.58,15.719999999999999
18,5,2.1631604756862375,2.13,37.65,37.38,50.46,16.61
19,5,2.1881461045499995,2.39,39.84,39.77,51.31,16.25
20,5,2.2112447389499996,2.33,42.05,42.1,52.27,16.729999999999997
21,5,2.2474396619999997,2.03,44.3,44.13,53.2,15.89
22,5,2.2542878319999997,2.52,46.55,46.65,54.0,17.16
23,5,2.2951406249999997,2.09,48.85,48.74,55.0,16.25
24,5,2.3127604042,2.02,51.16,50.76,55.82,16.619999999999997
25,5,2.3317374806999993,2.12,53.49,52.88,56.62,16.79
26,5,2.3680193762499995,2.17,55.86,55.05,57.45,15.85
27,5,2.369665740499999,2.43,58.23,57.48,58.3,17.13
28,5,2.427052403799999,2.53,60.66,60.01,59.24,14.97
29,5,2.446545241949999,2.23,63.11,62.24,60.23,15.529999999999998
30,5,2.4587992805499996,2.18,65.57,64.42,61.09,16.15
31,5,2.4769554021999998,2.56,68.05,66.98,61.93,16.3
32,5,2.4927328691999993,2.5,70.54,69.48,62.92,16.700000000000003
33,5,2.5280917932000007,2.69,73.07,72.17,63.88,16.1
34,5,2.5219577078,2.32,75.59,74.49,64.91,17.380000000000003
35,5,2.5603605553000004,2.28,78.15,76.77,65.79,16.64
36,5,2.5663770192999995,2.29,80.72,79.06,66.66,17.15
37,5,2.63794080145,2.75,83.36,81.81,67.53,14.809999999999999
38,5,2.648319038449999,2.46,86.01,84.27,68.57,15.489999999999998
39,5,2.6783412737999988,2.79,88.69,87.06,69.49,15.019999999999996
40,5,2.7251087952999997,2.47,91.42,89.53,70.54,13.690000000000001
41,5,2.7357029007999993,2.49,94.16,92.02,71.46,14.280000000000001
42,5,2.75195008105,2.87,96.91,94.89,72.39,14.469999999999999
43,5,2.6966832905,2.93,99.61,97.82,73.45,17.28
44,5,2.7966148772999997,2.9,102.41,100.72,74.54,14.449999999999998
45,5,2.7702847580499994,3.06,105.18,103.78,75.61,16.21
46,5,2.80962337645,2.65,107.99,106.43,76.73,15.57
47,5,2.785786212999999,3.06,110.78,109.49,77.7,16.82
48,5,2.835773198049999,2.62,113.62,112.11,78.81,15.889999999999999
49,5,2.8605080108000003,2.9,116.48,115.01,79.76,15.609999999999998
50,5,2.8411173993000003,3.06,119.32,118.07,80.81,16.64
51,5,2.8626656317999997,2.83,122.18,120.9,81.91,16.5
52,5,2.8976248546999996,2.95,125.08,123.85,82.93,15.96
53,5,2.9073452261999995,3.16,127.99,127.01,83.98,16.1
54,5,2.9482595487999994,2.93,130.94,129.94,85.11,15.420000000000002
55,5,2.92289930925,2.84,133.86,132.78,86.15,16.430000000000003
56,5,2.950570761999999,3.17,136.81,135.95,87.15,16.060000000000002
57,5,3.0013473557,3.12,139.81,139.07,88.27,15.120000000000001
58,5,3.0413610687999992,3.28,142.85,142.35,89.36,14.399999999999999
59,5,2.9745618244999985,3.27,145.82,145.62,90.5,16.39
60,5,2.9476267917999994,3.22,148.77,148.84,91.64,17.19
61,5,3.0621668249999994,3.07,151.83,151.91,92.75,14.899999999999999
62,5,3.0187406330499997,2.89,154.85,154.8,93.81,16.129999999999995
63,5,3.0206698179999996,2.74,157.87,157.54,94.8,16.27
64,5,2.9712023812999995,3.26,160.84,160.8,95.74,17.369999999999997
65,5,3.0178842944999995,3.08,163.86,163.88,96.85,16.64
66,5,3.0153307648,2.93,166.88,166.81,97.89,16.82
67,5,3.0658206351999993,3.12,169.95,169.93,98.88,15.98
68,5,2.9741157861999987,2.78,172.92,172.71,99.93,17.740000000000002
69,5,3.0003454239500007,2.93,175.92,175.64,100.87,17.37
70,5,3.036686992799999,3.28,178.96,178.92,101.84,16.82
71,5,3.08156886595,3.36,182.04,182.28,102.93,16.11
72,5,2.9764696192499986,2.77,185.02,185.05,104.05,17.93
73,5,3.0677499407999993,3.2,188.09,188.25,104.96,16.490000000000002
74,5,3.0630226078,2.99,191.15,191.24,106.01,16.62
75,5,3.0822419058,2.82,194.23,194.06,106.99,16.340000000000003
76,5,3.0878040702999994,3.37,197.32,197.43,107.91,16.28
77,5,3.091444875,3.2,200.41,200.63,109.0,16.25
78,5,3.0200499657999993,2.81,203.43,203.44,110.04,17.37
79,5,3.046652749299999,3.31,206.48,206.75,110.94,16.97
80,5,3.113077191999998,3.05,209.59,209.8,112.0,15.940000000000001
