floor(cycle / (24 * 60)),pig.id,pig.target_dfi,pig.dfi,pig.target_cfi,pig.cfi,pig.weight,ET
0,15,1.862877660482996,1.59,1.86,1.59,39.0,15.59
1,15,1.8985846439999996,1.66,3.76,3.25,39.64,15.59
2,15,1.918320880241305,1.94,5.68,5.19,40.3,14.959999999999999
3,15,1.9421913861896725,2.24,7.62,7.43,41.07,15.529999999999998
4,15,1.966137379902024,2.1,9.59,9.53,41.96,16.459999999999997
5,15,1.9864910267267084,1.83,11.58,11.36,42.8,15.149999999999999
6,15,2.0060587331344704,1.98,13.59,13.34,43.52,15.589999999999996
7,15,2.0257179164622547,1.85,15.62,15.19,44.3,15.689999999999998
8,15,2.042978082755693,2.1,17.66,17.29,45.03,16.11
9,15,2.062108860380125,2.35,19.72,19.64,45.85,16.249999999999996
10,15,2.0862441287802977,2.28,21.81,21.92,46.77,14.77
11,15,2.107880564316925,2.22,23.92,24.14,47.66,14.689999999999998
12,15,2.116381420016856,2.34,26.04,26.48,48.53,17.119999999999994
13,15,2.148978056091258,1.88,28.19,28.36,49.44,15.389999999999997
14,15,2.1670141799036875,2.33,30.36,30.69,50.16,14.77
15,15,2.1859746943,2.08,32.55,32.77,51.06,15.529999999999998
16,15,2.208277352199999,2.04,34.76,34.81,51.87,15.86
17,15,2.2258204217499995,2.39,36.99,37.2,52.65,16.43
18,15,2.2544748784499995,2.45,39.24,39.65,53.57,16.25
19,15,2.2868284479999996,2.21,41.53,41.86,54.5,15.719999999999999
20,15,2.2851660372999993,2.55,43.82,44.41,55.34,17.490000000000002
21,15,2.34044838505,2.18,46.16,46.59,56.31,15.509999999999998
22,15,2.349230522299999,2.06,48.51,48.65,57.14,16.57
23,15,2.3804964111999993,2.52,50.89,51.17,57.92,15.870000000000001
24,15,2.4159277964499997,2.71,53.31,53.88,58.87,15.070000000000002
25,15,2.4422422881999997,2.38,55.75,56.26,59.88,15.149999999999999
26,15,2.4478882189499993,2.51,58.2,58.77,60.77,16.31
27,15,2.4768088865499993,2.72,60.68,61.49,61.71,16.01
28,15,2.5234093952000003,2.62,63.2,64.11,62.72,14.59
29,15,2.5402558145499996,2.77,65.74,66.88,63.69,15.149999999999999
30,15,2.570666727199999,2.54,68.31,69.42,64.72,14.819999999999999
31,15,2.5967916407500002,2.74,70.91,72.16,65.65,14.59
32,15,2.604679166799999,2.3,73.51,74.46,66.66,15.52
33,15,2.655770638,2.41,76.17,76.87,67.5,13.52
34,15,2.652037628199999,2.86,78.82,79.73,68.38,15.100000000000001
35,15,2.6628389287,2.79,81.48,82.52,69.42,15.669999999999998
36,15,2.7094606916999995,2.51,84.19,85.03,70.43,14.479999999999997
37,15,2.7068304627999997,2.54,86.9,87.57,71.34,15.519999999999998
38,15,2.6849583144999993,2.71,89.58,90.28,72.25,16.96
39,15,2.7014612166999985,2.69,92.28,92.97,73.22,17.01
40,15,2.7253330617999993,2.94,95.01,95.91,74.19,16.82
41,15,2.795105735799999,2.97,97.81,98.88,75.24,15.09
42,15,2.7355277683000003,2.66,100.55,101.54,76.29,17.560000000000002
43,15,2.790438511199999,2.5,103.34,104.04,77.23,16.46
44,15,2.857556949799999,2.88,106.2,106.92,78.11,14.740000000000002
45,15,2.9040546256999993,3.14,109.1,110.06,79.13,13.600000000000001
46,15,2.924863268949999,2.7,112.02,112.76,80.23,13.57
47,15,2.8638279824499997,2.57,114.88,115.33,81.17,16.169999999999998
48,15,2.9349032708,2.73,117.81,118.06,82.06,14.400000000000002
49,15,2.9566117587999994,3.14,120.77,121.2,83.01,14.180000000000003
50,15,2.991508342499999,2.88,123.76,124.08,84.1,13.55
51,15,2.9973701217999995,2.85,126.76,126.93,85.09,13.900000000000002
52,15,2.971214158449999,3.22,129.73,130.15,86.07,15.150000000000002
53,15,2.9086889917,3.03,132.64,133.18,87.17,17.040000000000003
54,15,2.942757201999999,2.94,135.58,136.12,88.2,16.540000000000003
55,15,2.949431712,2.74,138.53,138.86,89.2,16.64
56,15,2.967410477199999,2.79,141.5,141.65,90.12,16.46
57,15,2.951066276299999,3.18,144.45,144.83,91.06,17.01
58,15,3.025526537199998,2.93,147.48,147.76,92.13,15.620000000000001
59,15,3.0127693463000007,2.9,150.49,150.66,93.11,16.119999999999997
60,15,3.0048092032000002,3.04,153.49,153.7,94.08,16.469999999999995
61,15,3.0137208378,2.8,156.5,156.5,95.09,16.46
62,15,3.0117808712999996,3.25,159.51,159.75,96.01,16.64
63,15,3.0344824342,3.31,162.54,163.06,97.08,16.35
64,15,2.9866275474500004,3.18,165.53,166.24,98.17,17.37
65,15,2.9818970585499986,3.15,168.51,169.39,99.21,17.55
66,15,3.0159608427999998,2.96,171.53,172.35,100.24,17.049999999999997
67,15,3.084678462,3.03,174.61,175.38,101.2,15.89
68,15,3.0823776816999997,2.93,177.69,178.31,102.18,16.03
69,15,3.1510529631999997,3.14,180.84,181.45,103.12,14.8
70,15,3.1473483051999986,2.99,183.99,184.44,104.13,14.98
71,15,3.0969984381999995,2.97,187.09,187.41,105.08,15.989999999999997
72,15,3.0984503041999996,2.94,190.19,190.35,106.03,16.019999999999996
73,15,3.1507590407999984,3.3,193.34,193.65,106.96,15.139999999999997
74,15,3.1041589719999996,3.06,196.44,196.71,108.0,16.009999999999994
75,15,3.0833954641999983,2.84,199.52,199.55,108.97,16.38
76,15,3.054393406299999,3.33,202.57,202.88,109.86,16.849999999999998
77,15,3.0818085405,3.03,205.65,205.91,110.9,16.429999999999996
78,15,3.0183503968,3.05,208.67,208.96,111.84,17.379999999999995
79,15,3.1496565610499987,2.91,211.82,211.87,112.79,15.349999999999996
80,15,3.062655565799999,3.35,214.88,215.22,113.69,16.699999999999996
