floor(cycle / (24 * 60)),pig.id,pig.target_dfi,pig.dfi,pig.target_cfi,pig.cfi,pig.weight,ET
0,19,1.8901637196889072,1.7,1.89,1.7,40.0,15.59
1,19,1.931991099847007,2.03,3.82,3.73,40.68,15.59
2,19,1.9507818749068913,2.0,5.77,5.73,41.49,14.959999999999999
3,19,1.9722105963882912,1.86,7.74,7.59,42.29,14.959999999999999
4,19,1.9918886045128406,1.73,9.73,9.32,43.02,16.71
5,19,2.008733195434556,1.77,11.74,11.09,43.71,14.780000000000001
6,19,2.0284439407993102,1.97,13.77,13.06,44.41,15.719999999999999
7,19,2.045889104375299,2.3,15.82,15.36,45.19,16.369999999999997
8,19,2.0696989283872926,2.1,17.89,17.46,46.09,15.629999999999999
9,19,2.087556313094602,1.86,19.98,19.32,46.92,16.18
10,19,2.1056163366217016,2.11,22.09,21.43,47.64,15.89
11,19,2.1237348057735117,2.31,24.21,23.74,48.47,16.07
12,19,2.1445160824194582,2.21,26.35,25.95,49.37,15.98
13,19,2.168625944633664,2.17,28.52,28.12,50.23,14.77
14,19,2.1892934784499998,1.89,30.71,30.01,51.07,14.79
15,19,2.2085430329999998,1.99,32.92,32.0,51.8,15.529999999999998
16,19,2.2251442107999995,2.33,35.15,34.33,52.56,16.25
17,19,2.2636102333,2.49,37.41,36.82,53.46,14.59
18,19,2.2842335743,2.56,39.69,39.38,54.41,15.719999999999999
19,19,2.3189537372999998,2.46,42.01,41.84,55.39,14.959999999999999
20,19,2.3460480716999994,2.06,44.36,43.9,56.33,14.959999999999999
21,19,2.35528314805,2.29,46.72,46.19,57.11,16.11
22,19,2.3864560556999996,2.6,49.11,48.79,57.98,15.529999999999998
23,19,2.4213118008000003,2.21,51.53,51.0,58.96,14.780000000000001
24,19,2.44463247205,2.46,53.97,53.46,59.79,14.71
25,19,2.4616931392,2.42,56.43,55.88,60.72,15.360000000000003
26,19,2.4595462056999997,2.36,58.89,58.24,61.62,16.79
27,19,2.5118239874999997,2.76,61.4,61.0,62.5,15.049999999999997
28,19,2.4963802327,2.3,63.9,63.3,63.53,17.16
29,19,2.5441234897,2.69,66.44,65.99,64.38,15.89
30,19,2.5587180356999992,2.7,69.0,68.69,65.38,16.31
31,19,2.5783418959500004,2.61,71.58,71.3,66.37,16.43
32,19,2.5896113231999998,2.54,74.17,73.84,67.33,16.82
33,19,2.623371328799999,2.66,76.79,76.5,68.26,16.28
34,19,2.633955936199999,2.51,79.42,79.01,69.23,16.660000000000004
35,19,2.6859422712999996,2.87,82.11,81.88,70.14,15.330000000000002
36,19,2.7197287933000003,2.96,84.83,84.84,71.19,14.8
37,19,2.6873344963,2.48,87.52,87.32,72.26,16.89
38,19,2.7328157804999997,2.77,90.25,90.09,73.15,15.920000000000002
39,19,2.7797613167999993,2.85,93.03,92.94,74.14,14.84
40,19,2.7572078417999992,2.47,95.79,95.41,75.16,16.37
41,19,2.8230669147999987,3.01,98.61,98.42,76.04,14.579999999999998
42,19,2.841821957299999,2.81,101.45,101.23,77.11,14.64
43,19,2.8363554435499996,3.08,104.29,104.31,78.11,15.490000000000002
44,19,2.8277082879999997,2.9,107.12,107.21,79.2,16.32
45,19,2.906410699799999,2.7,110.03,109.91,80.21,14.299999999999999
46,19,2.9433298277999986,3.24,112.97,113.15,81.16,13.490000000000002
47,19,2.9629614590499997,3.25,115.93,116.4,82.29,13.490000000000002
48,19,2.971611643199999,3.0,118.9,119.4,83.42,13.88
49,19,2.9637017133,3.01,121.86,122.41,84.46,14.690000000000001
50,19,2.9841928104999997,2.89,124.84,125.3,85.5,14.530000000000001
51,19,3.0246237170499994,3.06,127.86,128.36,86.49,13.690000000000001
52,19,3.0570043198,3.23,130.92,131.59,87.54,13.100000000000001
53,19,3.0105035487999996,3.17,133.93,134.76,88.64,15.0
54,19,2.9640494152000003,3.25,136.89,138.01,89.72,16.44
55,19,3.0231886822000003,2.97,139.91,140.98,90.82,15.34
56,19,3.0303836687,2.88,142.94,143.86,91.82,15.43
57,19,3.040037785299999,2.88,145.98,146.74,92.79,15.440000000000001
58,19,3.0034933088,2.99,148.98,149.73,93.76,16.440000000000005
59,19,3.036963220499999,3.11,152.02,152.84,94.75,15.920000000000002
60,19,3.0457915932999993,3.05,155.07,155.89,95.79,15.920000000000002
61,19,3.0538538879999986,3.21,158.12,159.1,96.8,15.920000000000002
62,19,2.9636508597999986,3.08,161.08,162.18,97.86,17.740000000000002
63,19,3.101731836949999,3.19,164.18,165.37,98.87,15.25
64,19,3.1696224592999998,3.45,167.35,168.82,99.91,13.919999999999998
65,19,3.1330356507999997,3.08,170.48,171.9,101.04,14.909999999999997
66,19,3.1904035858000004,3.15,173.67,175.05,102.04,13.810000000000002
67,19,3.1795037607999985,3.32,176.85,178.37,103.06,14.200000000000001
68,19,3.176240265699999,3.3,180.03,181.67,104.13,14.400000000000002
69,19,3.1507638905500004,3.38,183.18,185.05,105.19,15.010000000000002
70,19,3.1938588801999988,3.03,186.37,188.08,106.27,14.260000000000002
71,19,3.161967622449999,3.17,189.53,191.25,107.23,14.95
72,19,3.0736937487999993,2.84,192.6,194.09,108.24,16.520000000000003
73,19,3.0897785426999986,3.06,195.69,197.15,109.13,16.28
74,19,3.056434753,3.16,198.75,200.31,110.1,16.82
75,19,3.0264644465499986,3.02,201.78,203.33,111.09,17.27
76,19,3.0063171714499997,3.22,204.79,206.55,112.03,17.55
77,19,3.1695599892,3.45,207.96,210.0,113.03,15.02
78,19,3.1490706019999983,3.28,211.11,213.28,114.1,15.36
79,19,3.180536002299999,3.14,214.29,216.42,115.11,14.84
80,19,3.175059083199999,3.08,217.47,219.5,116.08,14.920000000000003
