floor(cycle / (24 * 60)),pig.id,pig.target_dfi,pig.dfi,pig.target_cfi,pig.cfi,pig.weight,ET
0,0,1.7176634780500002,1.46,1.72,1.46,37.39,18.79
1,0,1.7362167899499996,2.01,3.46,3.47,37.93,18.79
2,0,1.7677818272,1.53,5.23,5.0,38.68,18.0
3,0,1.7891434587999995,1.8,7.02,6.8,39.24,17.62
4,0,1.8078832680499994,1.69,8.83,8.49,39.91,18.270000000000003
5,0,1.8106083876999994,1.97,10.64,10.46,40.53,19.76
6,0,1.8382169019999994,2.07,12.48,12.53,41.25,19.460000000000004
7,0,1.8469718588000004,2.08,14.33,14.61,42.01,20.34
8,0,1.8492420376999998,1.62,16.18,16.23,42.77,21.28
9,0,1.8965377734499997,1.92,18.08,18.15,43.37,19.93
10,0,1.9080208442999995,1.99,19.99,20.14,44.06,20.39
11,0,1.9354501182999992,1.65,21.93,21.79,44.79,20.119999999999997
12,0,1.9476095435499992,2.22,23.88,24.01,45.39,20.369999999999997
13,0,1.9594848570499996,1.79,25.84,25.8,46.19,20.830000000000002
14,0,1.9808519692,1.76,27.82,27.56,46.83,20.700000000000003
15,0,2.0063574076999986,2.11,29.83,29.67,47.47,20.4
16,0,2.0210465499499994,1.93,31.85,31.6,48.23,20.650000000000002
17,0,1.9888464091999996,2.06,33.84,33.66,48.92,22.299999999999997
18,0,2.0388958748,1.8,35.88,35.46,49.66,21.36
19,0,2.011261302,2.22,37.89,37.68,50.3,22.639999999999997
20,0,2.0220583978,1.84,39.91,39.52,51.09,22.86
21,0,2.0250337312999998,2.25,41.94,41.77,51.74,23.169999999999998
22,0,2.1096775722999994,2.26,44.05,44.03,52.54,21.43
23,0,2.0906546202999996,2.03,46.14,46.06,53.34,22.470000000000002
24,0,2.1288038757500005,2.09,48.27,48.15,54.05,21.91
25,0,2.1580112590499994,1.95,50.43,50.1,54.79,21.59
26,0,2.1658412226999992,2.35,52.6,52.45,55.47,21.800000000000004
27,0,2.2041012073,1.99,54.8,54.44,56.29,21.280000000000005
28,0,2.227023999549999,2.46,57.03,56.9,56.99,21.090000000000003
29,0,2.1470659528,2.34,59.18,59.24,57.84,23.42
30,0,2.165896064299999,2.24,61.35,61.48,58.66,23.37
31,0,2.1936341234499994,2.11,63.54,63.59,59.43,23.11
32,0,2.2717757968000005,2.03,65.81,65.62,60.16,21.7
33,0,2.2305645687999993,2.12,68.04,67.74,60.86,22.92
34,0,2.2743606185499994,2.12,70.31,69.86,61.59,22.29
35,0,2.261794954299999,2.09,72.57,71.95,62.31,22.84
36,0,2.3455629066999992,2.07,74.92,74.02,63.03,21.32
37,0,2.31180924995,2.47,77.23,76.49,63.73,22.35
38,0,2.3546552854500002,2.3,79.58,78.79,64.57,21.77
39,0,2.42867584075,2.62,82.01,81.41,65.35,20.409999999999997
40,0,2.3396933487999996,2.27,84.35,83.68,66.24,22.67
41,0,2.4069975579999987,2.25,86.76,85.93,67.0,21.580000000000002
42,0,2.4581995408000004,2.27,89.22,88.2,67.76,20.76
43,0,2.470608965199999,2.36,91.69,90.56,68.52,20.78
44,0,2.4928232930500003,2.47,94.18,93.03,69.31,20.589999999999996
45,0,2.4455744797000007,2.16,96.63,95.19,70.13,21.84
46,0,2.5391144569999997,2.31,99.17,97.5,70.85,20.14
47,0,2.6127889006999996,2.84,101.78,100.34,71.62,18.69
48,0,2.6067336368,2.81,104.39,103.15,72.56,19.24
49,0,2.5593377112,2.61,106.95,105.76,73.48,20.599999999999998
50,0,2.6687783742999995,2.54,109.62,108.3,74.34,18.449999999999996
51,0,2.5738153216999997,2.65,112.19,110.95,75.17,20.799999999999997
52,0,2.5805653547999996,2.29,114.77,113.24,76.04,20.9
53,0,2.5416158221999994,2.51,117.31,115.75,76.78,21.78
54,0,2.565971507999999,2.8,119.88,118.55,77.6,21.53
55,0,2.615010137499999,2.63,122.5,121.18,78.5,20.849999999999998
56,0,2.48682484675,2.39,124.99,123.57,79.35,23.13
57,0,2.561708987199999,2.4,127.55,125.97,80.12,22.080000000000002
58,0,2.5670757823,2.84,130.12,128.81,80.89,22.119999999999997
59,0,2.6253427079999994,2.42,132.75,131.23,81.8,21.32
60,0,2.526243891199999,2.69,135.28,133.92,82.57,22.98
61,0,2.6714389461999994,2.52,137.95,136.44,83.42,20.82
62,0,2.554628599199999,2.61,140.5,139.05,84.22,22.76
63,0,2.6887674107499993,2.71,143.19,141.76,85.05,20.790000000000003
64,0,2.6055672800000003,2.63,145.8,144.39,85.9,22.2
65,0,2.629126155199999,2.45,148.43,146.84,86.72,21.94
66,0,2.6829048600499994,2.47,151.11,149.31,87.49,21.21
67,0,2.7399121227999994,2.8,153.85,152.11,88.26,20.4
68,0,2.6521458996999994,2.47,156.5,154.58,89.13,21.84
69,0,2.6062097174999996,2.67,159.11,157.25,89.9,22.55
70,0,2.5592030391999994,2.82,161.67,160.07,90.72,23.23
71,0,2.5985098002999996,2.34,164.27,162.41,91.59,22.76
72,0,2.6962337638000005,2.95,166.97,165.36,92.31,21.46
73,0,2.69836284205,2.86,169.67,168.22,93.21,21.490000000000002
74,0,2.568752328049999,2.39,172.24,170.61,94.09,23.249999999999996
75,0,2.5895662200499996,2.37,174.83,172.98,94.81,23.009999999999998
76,0,2.7023005227,2.6,177.53,175.58,95.53,21.559999999999995
77,0,2.743358411200001,2.72,180.27,178.3,96.32,21.029999999999994
78,0,2.7688857072999995,2.55,183.04,180.85,97.14,20.709999999999997
79,0,2.8799979694999984,2.59,185.92,183.44,97.9,19.11
80,0,2.9692247111999985,3.2,188.89,186.64,98.68,17.720000000000002
81,0,2.874144158799999,2.85,191.76,189.49,99.64,19.3
82,0,2.804738443199999,2.74,194.56,192.23,100.48,20.33
83,0,2.962572093,2.83,197.52,195.06,101.3,18.02
84,0,2.7946593232,2.56,200.31,197.62,102.13,20.5
85,0,2.9371681230499993,2.83,203.25,200.45,102.89,18.49
86,0,2.7818290791999987,2.99,206.03,203.44,103.72,20.68
87,0,2.8340776760500006,2.6,208.86,206.04,104.59,19.99
88,0,2.7670480519999994,2.5,211.63,208.54,105.35,20.86
89,0,2.7638303031999993,2.54,214.39,211.08,106.08,20.889999999999997
90,0,2.67823622755,2.97,217.07,214.05,106.81,21.909999999999997
