floor(cycle / (24 * 60)),pig.id,pig.target_dfi,pig.dfi,pig.target_cfi,pig.cfi,pig.weight,ET
0,5,1.7913466417999997,2.07,1.79,2.07,39.56,18.79
1,5,1.8195746615499997,1.53,3.61,3.6,40.41,18.79
2,5,1.8479844448,1.96,5.46,5.56,41.04,18.0
3,5,1.8775205527999994,1.88,7.34,7.44,41.84,17.62
4,5,1.8967914129999996,1.65,9.24,9.09,42.6,18.270000000000003
5,5,1.8969185951999992,2.18,11.14,11.27,43.28,19.76
6,5,1.9291866447999997,1.91,13.07,13.18,44.16,19.460000000000004
7,5,1.9348316511999992,2.15,15.0,15.33,44.93,20.34
8,5,1.9366212079999998,1.75,16.94,17.08,45.8,21.28
9,5,1.9898988125499995,2.0,18.93,19.08,46.51,19.93
10,5,2.0021071580500003,2.22,20.93,21.3,47.31,20.39
11,5,2.033634828,1.9,22.96,23.2,48.2,20.119999999999997
12,5,2.0483964447999994,1.87,25.01,25.07,48.96,20.369999999999997
13,5,2.0557855505000004,1.93,27.07,27.0,49.7,20.830000000000002
14,5,2.0798787151999996,2.16,29.15,29.16,50.47,20.700000000000003
15,5,2.1109842516999997,2.14,31.26,31.3,51.33,20.4
16,5,2.1256508646999994,1.83,33.39,33.13,52.18,20.650000000000002
17,5,2.0869323549999996,2.26,35.48,35.39,52.9,22.299999999999997
18,5,2.1425194332999995,1.87,37.62,37.26,53.79,21.36
19,5,2.1108400512,2.05,39.73,39.31,54.52,22.639999999999997
20,5,2.1195915841999993,2.03,41.85,41.34,55.33,22.86
21,5,2.1230040602000004,2.25,43.97,43.59,56.12,23.169999999999998
22,5,2.2145903529999993,2.13,46.18,45.72,57.0,21.43
23,5,2.1900403066999985,2.32,48.37,48.04,57.82,22.470000000000002
24,5,2.2329076791999998,2.06,50.6,50.1,58.72,21.91
25,5,2.2630194111999997,2.36,52.86,52.46,59.52,21.59
26,5,2.2730674946999985,2.51,55.13,54.97,60.43,21.800000000000004
27,5,2.3145051913000003,2.11,57.44,57.08,61.39,21.280000000000005
28,5,2.3387594569999997,2.19,59.78,59.27,62.2,21.090000000000003
29,5,2.2454816207999992,2.37,62.03,61.64,63.04,23.42
30,5,2.263820924299999,2.07,64.29,63.71,63.94,23.37
31,5,2.29113135995,2.57,66.58,66.28,64.73,23.11
32,5,2.3784115449999996,2.22,68.96,68.5,65.7,21.7
33,5,2.3314805607999993,2.39,71.29,70.89,66.54,22.92
34,5,2.3792678788,2.09,73.67,72.98,67.44,22.29
35,5,2.3626549552,2.55,76.03,75.53,68.22,22.84
36,5,2.456403311199999,2.53,78.49,78.06,69.18,21.32
37,5,2.4184466882000004,2.26,80.91,80.32,70.12,22.35
38,5,2.4619859747999997,2.74,83.37,83.06,70.96,21.77
39,5,2.5452276937000002,2.77,85.92,85.83,71.98,20.409999999999997
40,5,2.4415533329999994,2.59,88.36,88.42,73.0,22.67
41,5,2.515621887999999,2.63,90.88,91.05,73.95,21.580000000000002
42,5,2.5723452631999995,2.41,93.45,93.46,74.92,20.76
43,5,2.583587358,2.3,96.03,95.76,75.8,20.78
44,5,2.604883416800001,2.7,98.63,98.46,76.64,20.589999999999996
45,5,2.548300953200001,2.75,101.18,101.21,77.62,21.84
46,5,2.6543012881999997,2.81,103.83,104.02,78.62,20.14
47,5,2.738494035949999,2.76,106.57,106.78,79.63,18.69
48,5,2.7255076547,2.82,109.3,109.6,80.63,19.24
49,5,2.6655308088,2.53,111.97,112.13,81.64,20.599999999999998
50,5,2.7878383973000007,2.95,114.76,115.08,82.54,18.449999999999996
51,5,2.6743019593,2.66,117.43,117.74,83.59,20.799999999999997
52,5,2.6774185198000007,2.54,120.11,120.28,84.54,20.9
53,5,2.6298257541999996,2.75,122.74,123.03,85.43,21.78
54,5,2.653805847999999,2.52,125.39,125.55,86.4,21.53
55,5,2.7042527660499998,2.65,128.09,128.2,87.29,20.849999999999998
56,5,2.5547281117,2.77,130.64,130.97,88.22,23.13
57,5,2.635780829199999,2.87,133.28,133.84,89.18,22.080000000000002
58,5,2.638631171199999,2.85,135.92,136.69,90.18,22.119999999999997
59,5,2.6998820886999995,2.91,138.62,139.6,91.17,21.32
60,5,2.5840336831999986,2.34,141.2,141.94,92.17,22.98
61,5,2.7437044201999994,2.98,143.94,144.92,92.98,20.82
62,5,2.6070372719999995,2.37,146.55,147.29,94.0,22.76
63,5,2.7544678755499996,2.64,149.3,149.93,94.81,20.790000000000003
64,5,2.6548804823000003,2.78,151.95,152.71,95.71,22.2
65,5,2.6770795978,2.83,154.63,155.54,96.66,21.94
66,5,2.7340946030499995,3.02,157.36,158.56,97.61,21.21
67,5,2.7953622756999983,2.88,160.16,161.44,98.63,20.4
68,5,2.689765552,2.43,162.85,163.87,99.6,21.84
69,5,2.6331369155499993,2.57,165.48,166.44,100.41,22.55
70,5,2.575380356449999,2.83,168.06,169.27,101.27,23.23
71,5,2.6145513103,2.42,170.67,171.69,102.21,22.76
72,5,2.7209326808000003,2.77,173.39,174.46,103.01,21.46
73,5,2.717998612449999,3.0,176.11,177.46,103.93,21.490000000000002
74,5,2.5663849441999984,2.74,178.68,180.2,104.92,23.249999999999996
75,5,2.5851699050500003,2.57,181.27,182.77,105.81,23.009999999999998
76,5,2.7081233995,2.99,183.98,185.76,106.65,21.559999999999995
77,5,2.74974601645,2.86,186.73,188.62,107.63,21.029999999999994
78,5,2.7736972387999996,3.02,189.5,191.64,108.56,20.709999999999997
79,5,2.896722083949999,3.1,192.4,194.74,109.53,19.11
80,5,2.995920746699998,3.02,195.4,197.76,110.53,17.720000000000002
81,5,2.8782971749999993,2.96,198.28,200.72,111.5,19.3
82,5,2.792510669249999,2.74,201.07,203.46,112.45,20.33
83,5,2.9703347291999993,2.93,204.04,206.39,113.32,18.02
84,5,2.7700907499999987,2.96,206.81,209.35,114.25,20.5
85,5,2.9294190936999995,3.06,209.74,212.41,115.18,18.49
86,5,2.7438978154999987,2.5,212.48,214.91,116.15,20.68
87,5,2.79907631495,2.79,215.28,217.7,116.93,19.99
88,5,2.716875743799999,2.69,218.0,220.39,117.81,20.86
89,5,2.708075646799999,2.73,220.71,223.12,118.64,20.889999999999997
90,5,2.605327812549999,2.37,223.32,225.49,119.49,21.909999999999997
