floor(cycle / (24 * 60)),pig.id,pig.target_dfi,pig.dfi,pig.target_cfi,pig.cfi,pig.weight,ET
0,7,1.6733536242485636,1.7,1.67,1.7,36.47,21.32
1,7,1.6513231629428382,1.93,3.32,3.63,37.16,25.546285972023117
2,7,1.6515511466769355,1.41,4.97,5.04,37.93,26.209999999999997
3,7,1.67355938551817,1.64,6.64,6.68,38.5,26.0
4,7,1.6981614027591407,1.73,8.34,8.41,39.16,25.78
5,7,1.6539057414987024,1.73,9.99,10.14,39.85,27.419999999999998
6,7,1.6111563384313408,1.51,11.6,11.65,40.54,28.75
7,7,1.642403258669394,1.53,13.24,13.18,41.14,28.22
8,7,1.6578828474403182,1.92,14.9,15.1,41.75,28.06
9,7,1.70440288549038,2.0,16.6,17.1,42.51,27.229999999999997
10,7,1.6385847489759178,1.93,18.24,19.03,43.31,28.98
11,7,1.7131629019942272,1.93,19.95,20.96,44.07,27.539999999999996
12,7,1.7197601354185164,1.62,21.67,22.58,44.83,27.63
13,7,1.6886017766330415,1.78,23.36,24.36,45.47,28.51
14,7,1.7371650613965905,1.85,25.1,26.21,46.16,27.650000000000002
15,7,1.6999034328066436,1.95,26.8,28.16,46.89,28.67
16,7,1.712592999896781,1.5,28.51,29.66,47.65,28.61
17,7,1.756319189663988,1.84,30.27,31.5,48.23,27.84
18,7,1.763985001991159,1.75,32.03,33.25,48.95,27.88
19,7,1.7677020338410188,1.9,33.8,35.15,49.63,27.99
20,7,1.7719292844636052,1.59,35.57,36.74,50.36,28.099999999999994
21,7,1.7406051708190506,2.0,37.31,38.74,50.98,28.909999999999997
22,7,1.7966401551884024,1.88,39.11,40.62,51.75,28.059999999999995
23,7,1.7637386414843226,1.87,40.87,42.49,52.47,29.009999999999998
24,7,1.813564946283108,1.69,42.68,44.18,53.19,28.29
25,7,1.8976174534163974,1.81,44.58,45.99,53.83,26.86
26,7,1.942012609659583,2.22,46.52,48.21,54.53,26.249999999999996
27,7,1.9267323142422217,1.77,48.45,49.98,55.37,26.900000000000002
28,7,1.9619921366779673,1.87,50.41,51.85,56.04,26.47
29,7,1.9376845589265426,2.23,52.35,54.08,56.75,27.220000000000002
30,7,1.958292635160523,1.7,54.31,55.78,57.59,27.140000000000004
31,7,1.9707565874664152,1.9,56.28,57.68,58.23,27.140000000000004
32,7,1.9804311064615978,1.8,58.26,59.48,58.95,27.220000000000002
33,7,2.011574742115404,1.86,60.27,61.34,59.62,26.880000000000006
34,7,1.9389525219308126,1.73,62.21,63.07,60.32,28.460000000000004
35,7,2.01903100332655,1.97,64.23,65.04,60.97,27.220000000000006
36,7,1.9478479725945286,2.15,66.18,67.19,61.7,28.750000000000004
37,7,1.9828976424040425,1.96,68.16,69.15,62.5,28.380000000000003
38,7,1.9313609783329184,1.72,70.09,70.87,63.23,29.520000000000007
39,7,1.9941328351283618,1.96,72.08,72.83,63.86,28.610000000000007
40,7,1.9563480145630552,1.75,74.04,74.58,64.59,29.490000000000002
41,7,2.079518807363792,2.3,76.12,76.88,65.23,27.550000000000004
42,7,2.007919125408905,1.9,78.13,78.78,66.08,29.040000000000003
43,7,2.0532731327192044,2.35,80.18,81.13,66.77,28.470000000000006
44,7,2.002223672422046,1.73,82.18,82.86,67.63,29.580000000000005
45,7,1.9905229288029118,1.95,84.17,84.81,68.26,29.950000000000006
46,7,2.0448770136534296,2.15,86.21,86.96,68.97,29.240000000000006
47,7,2.1149018001553923,1.9,88.32,88.86,69.75,28.300000000000004
48,7,2.0220002194344686,2.15,90.34,91.01,70.43,30.010000000000005
49,7,2.067760400034368,1.86,92.41,92.87,71.21,29.470000000000002
50,7,2.10221036394975,2.39,94.51,95.26,71.88,29.090000000000003
51,7,2.0531416214969203,1.78,96.56,97.04,72.74,30.100000000000005
52,7,2.0416435772565165,2.18,98.6,99.22,73.37,30.44
53,7,2.106929476367352,2.05,100.71,101.27,74.15,29.599999999999998
54,7,2.0534114490382716,2.33,102.76,103.6,74.88,30.619999999999997
55,7,2.1316035000680738,2.09,104.89,105.69,75.71,29.599999999999998
56,7,2.1445179506603567,2.11,107.03,107.8,76.45,29.58
57,7,2.180201362263789,1.92,109.21,109.72,77.19,29.21
58,7,2.175205779395489,2.1,111.39,111.82,77.87,29.45
59,7,2.2401735722820746,2.43,113.63,114.25,78.61,28.64
60,7,2.308214738041954,2.15,115.94,116.4,79.46,27.82
61,7,2.325842611490754,2.23,118.27,118.63,80.21,27.74
62,7,2.318926915699852,2.29,120.59,120.92,80.98,28.03
63,7,2.2959002956104797,2.23,122.89,123.15,81.78,28.56
64,7,2.318930196475852,2.16,125.21,125.31,82.55,28.4
65,7,2.3643747214409223,2.49,127.57,127.8,83.3,27.91
66,7,2.427659367823296,2.26,130.0,130.06,84.15,27.19
67,7,2.4653615028014775,2.26,132.47,132.32,84.93,26.83
68,7,2.357029421557059,2.62,134.83,134.94,85.7,28.56
69,7,2.3341973500449194,2.55,137.16,137.49,86.6,29.08
70,7,2.288863095375048,2.05,139.45,139.54,87.46,29.9
71,7,2.30829691691333,2.53,141.76,142.07,88.16,29.77
72,7,2.4737309267431784,2.44,144.23,144.51,89.01,27.64
73,7,2.4252358809710333,2.63,146.66,147.14,89.84,28.490000000000002
74,7,2.47710667919123,2.31,149.14,149.45,90.72,27.96
75,7,2.686590835930482,2.65,151.83,152.1,91.49,25.25
76,7,2.5422751410053865,2.6,154.37,154.7,92.38,27.42
77,7,2.6000592643513842,2.74,156.97,157.44,93.24,26.82
78,7,2.550950735627058,2.36,159.52,159.8,94.15,27.67
79,7,2.6753241987002916,2.96,162.2,162.76,94.93,26.17
80,7,2.6252986453183675,2.6,164.83,165.36,95.91,27.040000000000003
81,7,2.629282019799784,2.39,167.46,167.75,96.76,27.160000000000004
82,7,2.674856053820964,2.96,170.13,170.71,97.54,26.720000000000002
83,7,2.7866037379245103,2.67,172.92,173.38,98.51,25.46
84,7,2.707140444098215,2.83,175.63,176.21,99.38,26.67
85,7,2.779499979150963,2.49,178.41,178.7,100.29,25.92
86,7,2.7953575169893248,2.86,181.21,181.56,101.1,25.880000000000003
87,7,2.7593796090788465,2.81,183.97,184.37,102.02,26.52
88,7,2.7858056163773486,2.76,186.76,187.13,102.92,26.36
89,7,2.7856986744783168,2.87,189.55,190.0,103.8,26.529999999999998
90,7,2.873228330118886,2.96,192.42,192.96,104.71,25.61
