floor(cycle / (24 * 60)),pig.id,pig.target_dfi,pig.dfi,pig.target_cfi,pig.cfi,pig.weight,ET
0,9,1.7281671555193747,1.52,1.73,1.52,38.34,21.32
1,9,1.6988336577215313,1.6,3.43,3.12,38.91,25.546285972023117
2,9,1.6927802393466251,1.55,5.12,4.67,39.52,26.209999999999997
3,9,1.7151711223954982,1.47,6.84,6.14,40.1,26.0
4,9,1.7329303423994593,1.77,8.57,7.91,40.65,25.78
5,9,1.678986573038102,1.88,10.25,9.79,41.31,27.419999999999998
6,9,1.6313086234200462,1.77,11.88,11.56,42.01,28.75
7,9,1.6637001748793834,1.66,13.54,13.22,42.67,28.22
8,9,1.679327997709421,1.79,15.22,15.01,43.29,28.06
9,9,1.7251934730410796,1.72,16.95,16.73,43.96,27.229999999999997
10,9,1.6555210553975117,1.93,18.61,18.66,44.59,28.98
11,9,1.7304382621883057,1.59,20.34,20.25,45.31,27.539999999999996
12,9,1.7343752298214623,1.77,22.07,22.02,45.89,27.63
13,9,1.7028819680888707,1.61,23.77,23.63,46.55,28.51
14,9,1.7505020876793502,1.47,25.52,25.1,47.14,27.650000000000002
15,9,1.7101649387481928,1.74,27.23,26.84,47.68,28.67
16,9,1.7211335173018152,1.86,28.95,28.7,48.31,28.61
17,9,1.7664018918339972,1.51,30.72,30.21,48.99,27.84
18,9,1.7717565846091632,1.69,32.49,31.9,49.54,27.88
19,9,1.7746141216799562,1.77,34.26,33.67,50.16,27.99
20,9,1.77760983622638,1.89,36.04,35.56,50.8,28.099999999999994
21,9,1.7498493189115245,1.74,37.79,37.3,51.49,28.909999999999997
22,9,1.8039796895923883,1.84,39.59,39.14,52.12,28.059999999999995
23,9,1.7696511522814715,1.85,41.36,40.99,52.78,29.009999999999998
24,9,1.8186191333813235,1.53,43.18,42.52,53.45,28.29
25,9,1.9010752914940054,2.18,45.08,44.7,54.0,26.86
26,9,1.9471813606929036,1.81,47.03,46.51,54.78,26.249999999999996
27,9,1.9279354975130756,2.1,48.96,48.61,55.43,26.900000000000002
28,9,1.9648269463452492,1.69,50.92,50.3,56.18,26.47
29,9,1.9382726053211938,2.07,52.86,52.37,56.78,27.220000000000002
30,9,1.9567301119640967,1.98,54.82,54.35,57.51,27.140000000000004
31,9,1.970562330530799,2.03,56.79,56.38,58.22,27.140000000000004
32,9,1.9800458795438174,2.03,58.77,58.41,58.93,27.220000000000002
33,9,2.0121563678588035,1.87,60.78,60.28,59.65,26.880000000000006
34,9,1.938770039310111,2.01,62.72,62.29,60.31,28.460000000000004
35,9,2.0197893040627557,2.2,64.74,64.49,61.01,27.220000000000006
36,9,1.9494559681204333,1.66,66.69,66.15,61.79,28.750000000000004
37,9,1.9805566432336075,2.23,68.67,68.38,62.37,28.380000000000003
38,9,1.92981349674785,2.14,70.6,70.52,63.14,29.520000000000007
39,9,1.9946630368739353,2.04,72.59,72.56,63.89,28.610000000000007
40,9,1.9565183654003655,2.24,74.55,74.8,64.6,29.490000000000002
41,9,2.0820605870472817,1.95,76.63,76.75,65.37,27.550000000000004
42,9,2.0072338147221522,1.96,78.64,78.71,66.04,29.040000000000003
43,9,2.0524031045062907,2.12,80.69,80.83,66.72,28.470000000000006
44,9,1.9992309945160758,2.21,82.69,83.04,67.45,29.580000000000005
45,9,1.9897068732445273,1.96,84.68,85.0,68.21,29.950000000000006
46,9,2.0433764179996348,2.09,86.72,87.09,68.88,29.240000000000006
47,9,2.1121564126360997,2.23,88.83,89.32,69.59,28.300000000000004
48,9,2.0207165568290453,2.17,90.85,91.49,70.35,30.010000000000005
49,9,2.0656429526991995,1.89,92.92,93.38,71.08,29.470000000000002
50,9,2.099579177519441,1.94,95.02,95.32,71.72,29.090000000000003
51,9,2.0474673179902014,2.28,97.07,97.6,72.38,30.100000000000005
52,9,2.038236154550879,1.82,99.11,99.42,73.15,30.44
53,9,2.1007225667652687,1.87,101.21,101.29,73.76,29.599999999999998
54,9,2.0459415514896895,2.29,103.26,103.58,74.39,30.619999999999997
55,9,2.12277418819474,1.92,105.38,105.5,75.15,29.599999999999998
56,9,2.134149157121349,2.38,107.51,107.88,75.79,29.58
57,9,2.170690331191103,2.39,109.68,110.27,76.59,29.21
58,9,2.167541931016243,2.02,111.85,112.29,77.38,29.45
59,9,2.2311884167143337,2.27,114.08,114.56,78.05,28.64
60,9,2.2973604085678305,2.57,116.38,117.13,78.8,27.82
61,9,2.316649969268225,2.4,118.7,119.53,79.65,27.74
62,9,2.310031538521991,2.31,121.01,121.84,80.43,28.03
63,9,2.2865811202729525,2.51,123.3,124.35,81.19,28.56
64,9,2.310390132824418,2.21,125.61,126.56,82.01,28.4
65,9,2.3552377452129014,2.37,127.97,128.93,82.73,27.91
66,9,2.4170185269683473,2.42,130.39,131.35,83.5,27.19
67,9,2.454631569439382,2.44,132.84,133.79,84.28,26.83
68,9,2.3472954742950987,2.61,135.19,136.4,85.07,28.56
69,9,2.3237898380119524,2.05,137.51,138.45,85.91,29.08
70,9,2.275905097042215,2.46,139.79,140.91,86.57,29.9
71,9,2.296638637157245,2.58,142.09,143.49,87.36,29.77
72,9,2.4607000485061405,2.4,144.55,145.89,88.18,27.64
73,9,2.4117450766944,2.21,146.96,148.1,88.95,28.490000000000002
74,9,2.4606385586433364,2.44,149.42,150.54,89.65,27.96
75,9,2.6685411016676697,2.56,152.09,153.1,90.42,25.25
76,9,2.5243782609391423,2.69,154.61,155.79,91.23,27.42
77,9,2.581697510392197,2.75,157.19,158.54,92.08,26.82
78,9,2.532452158832367,2.48,159.72,161.02,92.94,27.67
79,9,2.655890479559622,2.78,162.38,163.8,93.72,26.17
80,9,2.604675836236739,2.54,164.98,166.34,94.58,27.040000000000003
81,9,2.607906694103262,2.88,167.59,169.22,95.37,27.160000000000004
82,9,2.6549427487926507,2.79,170.24,172.01,96.26,26.720000000000002
83,9,2.764263777051924,2.74,173.0,174.75,97.13,25.46
84,9,2.6853510618265757,2.78,175.69,177.53,97.97,26.67
85,9,2.7562726323957563,2.62,178.45,180.15,98.82,25.92
86,9,2.772026860130834,2.8,181.22,182.95,99.62,25.880000000000003
87,9,2.735740308050347,2.44,183.96,185.39,100.48,26.52
88,9,2.759660834980334,2.9,186.72,188.29,101.22,26.36
89,9,2.759814337354049,2.7,189.48,190.99,102.1,26.529999999999998
90,9,2.845030159826416,2.57,192.33,193.56,102.91,25.61
