floor(cycle / (24 * 60)),pig.id,pig.target_dfi,pig.dfi,pig.target_cfi,pig.cfi,pig.weight,ET
0,2,1.7732281486999997,1.67,1.77,1.67,39.02,18.79
1,2,1.7943523857499992,1.81,3.56,3.48,39.65,18.79
2,2,1.8188266904499997,1.59,5.38,5.07,40.33,18.61
3,2,1.8464629172000002,1.99,7.23,7.06,40.93,17.7
4,2,1.8676478791999997,1.7,9.1,8.76,41.68,18.18
5,2,1.8740014583,1.88,10.97,10.64,42.31,19.32
6,2,1.9108939882,1.93,12.88,12.57,43.02,18.22
7,2,1.9331578632999995,1.72,14.81,14.29,43.74,18.29
8,2,1.9313413607,1.67,16.74,15.96,44.38,19.71
9,2,1.9121253249999994,1.86,18.65,17.82,45.0,21.35
10,2,1.9830447971999994,1.75,20.63,19.57,45.68,19.01
11,2,1.9763952341999995,1.95,22.61,21.52,46.33,20.300000000000004
12,2,2.00412388075,1.8,24.61,23.32,47.05,19.990000000000002
13,2,2.0053924148,2.09,26.62,25.41,47.71,20.700000000000003
14,2,2.0492290551999996,2.01,28.67,27.42,48.48,19.790000000000003
15,2,2.0429754616999993,2.03,30.71,29.45,49.22,20.830000000000002
16,2,2.0510497948,1.92,32.76,31.37,49.96,21.22
17,2,2.0628328918,2.27,34.82,33.64,50.66,21.420000000000005
18,2,2.0131402461999994,1.99,36.83,35.63,51.48,23.31
19,2,2.012189908,1.77,38.84,37.4,52.2,23.72
20,2,2.0676780495,2.16,40.91,39.56,52.85,22.759999999999998
21,2,2.0527292589500004,2.35,42.96,41.91,53.63,23.529999999999998
22,2,2.1494121221999993,2.02,45.11,43.93,54.47,21.619999999999997
23,2,2.1910559079999996,2.29,47.3,46.22,55.2,20.93
24,2,2.201159733700001,1.92,49.5,48.14,56.02,21.189999999999998
25,2,2.2543227444999996,2.22,51.75,50.36,56.7,20.09
26,2,2.2327417883000003,2.0,53.98,52.36,57.49,21.24
27,2,2.254919562999999,2.51,56.23,54.87,58.2,21.07
28,2,2.2381616190500004,2.36,58.47,57.23,59.09,21.97
29,2,2.2728406347,2.03,60.74,59.26,59.93,21.559999999999995
30,2,2.323379644799999,2.46,63.06,61.72,60.64,20.659999999999997
31,2,2.2677206552999998,2.51,65.33,64.23,61.51,22.4
32,2,2.2812070310499992,2.31,67.61,66.54,62.39,22.47
33,2,2.2613262679999995,2.31,69.87,68.85,63.2,23.169999999999998
34,2,2.293918792,2.13,72.16,70.98,64.0,22.81
35,2,2.3329498783000004,2.35,74.49,73.33,64.74,22.29
36,2,2.3178276357999987,2.22,76.81,75.55,65.56,22.87
37,2,2.3739188391999995,2.28,79.18,77.83,66.32,22.019999999999996
38,2,2.4295027198,2.36,81.61,80.19,67.11,21.14
39,2,2.4978801591999997,2.65,84.11,82.84,67.92,19.9
40,2,2.56228435945,2.28,86.67,85.12,68.83,18.67
41,2,2.5354288360499986,2.79,89.21,87.91,69.61,19.73
42,2,2.5456197567999994,2.61,91.76,90.52,70.56,19.88
43,2,2.5862334404999996,2.55,94.35,93.07,71.45,19.28
44,2,2.606287892049999,2.65,96.96,95.72,72.31,19.15
45,2,2.6170648060499992,2.71,99.58,98.43,73.21,19.25
46,2,2.6108074951999996,2.34,102.19,100.77,74.12,19.72
47,2,2.6747051355,2.82,104.86,103.59,74.9,18.53
48,2,2.6710344542499995,2.73,107.53,106.32,75.85,18.97
49,2,2.5975884807999994,2.35,110.13,108.67,76.76,20.759999999999998
50,2,2.6183925308000013,2.67,112.75,111.34,77.54,20.56
51,2,2.5906464337,2.79,115.34,114.13,78.42,21.269999999999996
52,2,2.6774179403,2.43,118.02,116.56,79.34,19.869999999999997
53,2,2.785762903799999,2.65,120.81,119.21,80.14,17.779999999999994
54,2,2.7411301178,2.78,123.55,121.99,81.01,19.019999999999996
55,2,2.7594021632000003,2.69,126.31,124.68,81.92,18.879999999999995
56,2,2.700039801999999,2.85,129.01,127.53,82.8,20.209999999999994
57,2,2.7386509664500003,2.81,131.75,130.34,83.73,19.689999999999998
58,2,2.7688426248,3.03,134.52,133.37,84.64,19.309999999999995
59,2,2.740032204699999,2.75,137.26,136.12,85.62,20.009999999999998
60,2,2.778443188,2.86,140.04,138.98,86.5,19.479999999999997
61,2,2.8542304507000007,3.11,142.89,142.09,87.42,18.229999999999997
62,2,2.82240065605,2.82,145.71,144.91,88.41,19.009999999999998
63,2,2.855721602049999,2.79,148.57,147.7,89.31,18.55
64,2,2.722050355799999,2.54,151.29,150.24,90.19,20.9
65,2,2.7370473750000004,2.46,154.03,152.7,91.0,20.749999999999996
66,2,2.8742591249499996,2.81,156.9,155.51,91.77,18.589999999999996
67,2,2.7372856102999985,2.77,159.64,158.28,92.66,20.889999999999997
68,2,2.7786455912,2.63,162.42,160.91,93.52,20.34
69,2,2.7231284357500005,2.89,165.14,163.8,94.35,21.21
70,2,2.75353297675,2.47,167.89,166.27,95.25,20.830000000000002
71,2,2.8174061688,2.84,170.71,169.11,96.01,19.939999999999998
72,2,2.6897673987999995,2.81,173.4,171.92,96.89,21.78
73,2,2.742562812799999,2.89,176.14,174.81,97.76,21.1
74,2,2.6492696968000002,2.7,178.79,177.51,98.64,22.34
75,2,2.6958728416999986,2.86,181.49,180.37,99.47,21.76
76,2,2.5486232293,2.4,184.04,182.77,100.34,23.549999999999997
77,2,2.673883775949999,2.57,186.71,185.34,101.07,22.049999999999997
78,2,2.713102919499999,2.45,189.42,187.79,101.85,21.560000000000002
79,2,2.5229947942999993,2.68,191.94,190.47,102.59,23.8
80,2,2.6393041549999987,2.68,194.58,193.15,103.4,22.45
81,2,2.6208458060499993,2.51,197.2,195.66,104.21,22.65
82,2,2.604373684799999,2.41,199.8,198.07,104.96,22.82
83,2,2.5873530211999993,2.44,202.39,200.51,105.68,22.990000000000002
84,2,2.6073253120000004,2.54,205.0,203.05,106.4,22.740000000000002
85,2,2.6418631167999993,2.66,207.64,205.71,107.16,22.32
86,2,2.6392119004999994,2.91,210.28,208.62,107.95,22.319999999999997
87,2,2.5597964319999997,2.34,212.84,210.96,108.8,23.16
88,2,2.6115595513,2.41,215.45,213.37,109.49,22.56
89,2,2.6849475700000003,2.71,218.13,216.08,110.2,21.700000000000003
90,2,2.8067541987999998,2.68,220.94,218.76,110.99,20.220000000000002
