floor(cycle / (24 * 60)),pig.id,pig.target_dfi,pig.dfi,pig.target_cfi,pig.cfi,pig.weight,ET
0,3,1.7819698491999993,1.99,1.78,1.99,39.28,18.79
1,3,1.8066672937000003,1.92,3.59,3.91,40.02,18.79
2,3,1.8323977662999997,1.6,5.42,5.51,40.74,18.61
3,3,1.8599139292000002,2.1,7.28,7.61,41.33,17.7
4,3,1.8817589397999999,1.6,9.16,9.21,42.11,18.18
5,3,1.8862810879999996,1.78,11.05,10.99,42.7,19.32
6,3,1.9218217888,2.17,12.97,13.16,43.36,18.22
7,3,1.9464726927999993,1.73,14.92,14.89,44.16,18.29
8,3,1.9439851520000002,1.79,16.86,16.68,44.8,19.71
9,3,1.92486503875,1.88,18.78,18.56,45.45,21.35
10,3,1.9968834072999997,1.87,20.78,20.43,46.14,19.01
11,3,1.9904049221999995,1.96,22.77,22.39,46.82,20.300000000000004
12,3,2.0180963753000003,2.03,24.79,24.42,47.54,19.990000000000002
13,3,2.0210837852,1.99,26.81,26.41,48.28,20.700000000000003
14,3,2.063779676999999,2.12,28.87,28.53,49.0,19.790000000000003
15,3,2.05764417895,2.01,30.93,30.54,49.77,20.830000000000002
16,3,2.064807428799999,2.29,32.99,32.83,50.49,21.22
17,3,2.079596489199999,1.98,35.07,34.81,51.32,21.420000000000005
18,3,2.02596391145,1.74,37.1,36.55,52.03,23.31
19,3,2.0223665454999997,2.13,39.12,38.68,52.65,23.72
20,3,2.0806324622999997,1.99,41.2,40.67,53.41,22.759999999999998
21,3,2.0635435222000003,2.35,43.26,43.02,54.12,23.529999999999998
22,3,2.1608677048,2.11,45.42,45.13,54.96,21.619999999999997
23,3,2.203110219549999,2.22,47.62,47.35,55.71,20.93
24,3,2.211972579549999,2.31,49.83,49.66,56.49,21.189999999999998
25,3,2.2687360105499996,2.25,52.1,51.91,57.31,20.09
26,3,2.246283892,2.48,54.35,54.39,58.1,21.24
27,3,2.27183133095,2.0,56.62,56.39,58.97,21.07
28,3,2.2502014649499995,2.06,58.87,58.45,59.67,21.97
29,3,2.2823824423000003,2.53,61.15,60.98,60.39,21.559999999999995
30,3,2.3367120702,2.24,63.49,63.22,61.27,20.659999999999997
31,3,2.2780803824999993,2.18,65.77,65.4,62.05,22.4
32,3,2.2890679295500003,2.06,68.06,67.46,62.81,22.47
33,3,2.266993223199999,2.28,70.33,69.74,63.52,23.169999999999998
34,3,2.29938762755,2.09,72.63,71.83,64.31,22.81
35,3,2.3379205937000003,2.63,74.97,74.46,65.02,22.29
36,3,2.3240442999499997,2.52,77.29,76.98,65.93,22.87
37,3,2.3819881657999997,2.46,79.67,79.44,66.79,22.019999999999996
38,3,2.4386341122,2.41,82.11,81.85,67.63,21.14
39,3,2.507566895,2.71,84.62,84.56,68.45,19.9
40,3,2.5725092189499996,2.62,87.19,87.18,69.37,18.67
41,3,2.546672519249999,2.61,89.74,89.79,70.25,19.73
42,3,2.5552988527,2.7,92.3,92.49,71.13,19.88
43,3,2.5963093247999995,2.72,94.9,95.21,72.04,19.28
44,3,2.61701295125,2.48,97.52,97.69,72.95,19.15
45,3,2.6263218026999993,2.52,100.15,100.21,73.78,19.25
46,3,2.6183468262999994,2.8,102.77,103.01,74.61,19.72
47,3,2.6849694522999985,2.79,105.45,105.8,75.54,18.53
48,3,2.680443905949999,2.67,108.13,108.47,76.47,18.97
49,3,2.605328649499999,2.31,110.74,110.78,77.35,20.759999999999998
50,3,2.6257563893000007,2.8,113.37,113.58,78.11,20.56
51,3,2.5977481207,2.76,115.97,116.34,79.02,21.269999999999996
52,3,2.6847550012,2.52,118.65,118.86,79.92,19.869999999999997
53,3,2.794244617799999,2.86,121.44,121.72,80.74,17.779999999999994
54,3,2.749427961199999,3.0,124.19,124.72,81.67,19.019999999999996
55,3,2.768210988799999,2.82,126.96,127.54,82.64,18.879999999999995
56,3,2.70798382075,2.6,129.67,130.14,83.55,20.209999999999994
57,3,2.7456628955499998,2.61,132.42,132.75,84.39,19.689999999999998
58,3,2.7749542616999996,2.82,135.19,135.57,85.22,19.309999999999995
59,3,2.744845954449999,2.49,137.93,138.06,86.13,20.009999999999998
60,3,2.7824351032000005,3.05,140.71,141.11,86.92,19.479999999999997
61,3,2.8590084025500007,2.81,143.57,143.92,87.89,18.229999999999997
62,3,2.8256406614499996,2.86,146.4,146.78,88.77,19.009999999999998
63,3,2.8590397971999995,3.1,149.26,149.88,89.68,18.55
64,3,2.7249898799999994,2.65,151.98,152.53,90.65,20.9
65,3,2.7399852461999994,3.0,154.72,155.53,91.48,20.749999999999996
66,3,2.879230061699999,2.75,157.6,158.28,92.42,18.589999999999996
67,3,2.7404222699500007,2.82,160.34,161.1,93.27,20.889999999999997
68,3,2.7818764918000003,2.56,163.12,163.66,94.14,20.34
69,3,2.7255022092999988,2.76,165.85,166.42,94.94,21.21
70,3,2.755657361049999,2.92,168.61,169.34,95.79,20.830000000000002
71,3,2.8203070811999997,2.83,171.43,172.17,96.68,19.939999999999998
72,3,2.691243733,2.7,174.12,174.87,97.55,21.78
73,3,2.7440470281999993,2.44,176.86,177.31,98.37,21.1
74,3,2.649699229799999,2.68,179.51,179.99,99.11,22.34
75,3,2.6963465496999994,2.49,182.21,182.48,99.93,21.76
76,3,2.5482880521999993,2.6,184.76,185.08,100.68,23.549999999999997
77,3,2.6738818122999994,2.7,187.43,187.78,101.46,22.049999999999997
78,3,2.7131215927000003,2.57,190.14,190.35,102.27,21.560000000000002
79,3,2.521937244799999,2.24,192.66,192.59,103.04,23.8
80,3,2.6388399935499995,2.48,195.3,195.07,103.71,22.45
81,3,2.6203512512500002,2.41,197.92,197.48,104.45,22.65
82,3,2.6038324811999995,2.37,200.52,199.85,105.17,22.82
83,3,2.5867675694500005,2.34,203.11,202.19,105.87,22.990000000000002
84,3,2.606812676799999,2.4,205.72,204.59,106.56,22.740000000000002
85,3,2.6415124356999997,2.36,208.36,206.95,107.27,22.32
86,3,2.6391763647999986,2.35,211.0,209.3,107.96,22.319999999999997
87,3,2.560500239499999,2.4,213.56,211.7,108.65,23.16
88,3,2.612188694499998,2.73,216.17,214.43,109.35,22.56
89,3,2.6851928637999984,2.84,218.86,217.27,110.14,21.700000000000003
90,3,2.8068172521999992,2.95,221.67,220.22,110.97,20.220000000000002
