floor(cycle / (24 * 60)),pig.id,pig.target_dfi,pig.dfi,pig.target_cfi,pig.cfi,pig.weight,ET
0,18,1.8166798319999997,1.65,1.82,1.65,40.0,15.59
1,18,1.8418218194999996,1.93,3.66,3.58,40.7,15.59
2,18,1.8652076331999998,1.87,5.53,5.45,41.52,14.469999999999999
3,18,1.8991043770499996,1.76,7.43,7.21,42.31,16.07
4,18,1.9241655632499994,1.66,9.35,8.87,43.05,15.409999999999998
5,18,1.9465453678,2.04,11.3,10.91,43.74,16.579999999999995
6,18,1.976683392,2.13,13.28,13.04,44.6,14.959999999999999
7,18,2.0070914613,1.79,15.29,14.83,45.49,14.959999999999999
8,18,2.0319619008,1.98,17.32,16.81,46.24,15.74
9,18,2.0582352242999997,2.06,19.38,18.87,47.06,15.89
10,18,2.0795993990499997,2.04,21.46,20.91,47.91,16.79
11,18,2.1074769257999995,2.07,23.57,22.98,48.76,16.61
12,18,2.1297371547999995,2.12,25.7,25.1,49.61,16.98
13,18,2.1578936651999996,2.22,27.86,27.32,50.48,16.79
14,18,2.1844785298,1.89,30.04,29.21,51.39,16.82
15,18,2.2220115592,2.33,32.26,31.54,52.17,15.139999999999997
16,18,2.2394347872,2.42,34.5,33.96,53.12,16.43
17,18,2.2674712004999997,2.37,36.77,36.33,54.1,16.43
18,18,2.3066095607999997,2.17,39.08,38.5,55.06,15.319999999999997
19,18,2.3258631062999995,2.32,41.41,40.82,55.94,15.89
20,18,2.3498318931999997,2.34,43.76,43.16,56.88,16.05
21,18,2.3635378946999994,2.31,46.12,45.47,57.82,16.79
22,18,2.4148857538,2.3,48.53,47.77,58.74,14.82
23,18,2.4253283247999997,2.59,50.96,50.36,59.66,15.959999999999997
24,18,2.449380315549999,2.67,53.41,53.03,60.69,16.11
25,18,2.4827158354999987,2.49,55.89,55.52,61.75,15.719999999999999
26,18,2.4867024477999995,2.71,58.38,58.23,62.74,16.779999999999998
27,18,2.52701585455,2.25,60.91,60.48,63.81,16.07
28,18,2.5178610845499994,2.66,63.43,63.14,64.69,17.35
29,18,2.55535677895,2.59,65.99,65.73,65.73,16.79
30,18,2.5625478352999997,2.49,68.55,68.22,66.74,17.35
31,18,2.6164482560499995,2.84,71.17,71.06,67.71,16.07
32,18,2.6305177038000007,2.82,73.8,73.88,68.81,16.46
33,18,2.637658004499999,2.53,76.44,76.41,69.9,17.01
34,18,2.6828200031999994,2.79,79.12,79.2,70.88,16.1
35,18,2.6993684654999988,2.43,81.82,81.63,71.95,16.28
36,18,2.719755243199999,2.42,84.54,84.05,72.88,16.200000000000003
37,18,2.745331887999999,2.81,87.29,86.86,73.8,15.920000000000002
38,18,2.7922161227,2.87,90.08,89.73,74.87,14.92
39,18,2.7295534567500006,2.54,92.81,92.27,75.95,17.57
40,18,2.8250092277999994,2.55,95.64,94.82,76.91,15.14
41,18,2.85242301395,3.14,98.49,97.96,77.87,14.77
42,18,2.8659748047999996,3.12,101.36,101.08,79.04,15.03
43,18,2.8482804895499996,2.89,104.21,103.97,80.21,16.189999999999998
44,18,2.8852453952,2.72,107.1,106.69,81.28,15.6
45,18,2.8696953657999997,2.57,109.97,109.26,82.29,16.46
46,18,2.8678680427000005,2.87,112.84,112.13,83.23,16.84
47,18,2.9046569522999994,3.2,115.74,115.33,84.29,16.28
48,18,2.9129043677999995,2.87,118.65,118.2,85.46,16.46
49,18,2.9409403877999996,2.71,121.59,120.91,86.51,16.1
50,18,2.905458994549999,2.71,124.5,123.62,87.49,17.19
51,18,2.9639498647,3.26,127.46,126.88,88.47,16.119999999999997
52,18,2.9370605982499987,2.92,130.4,129.8,89.65,17.01
53,18,2.981607527999999,2.73,133.38,132.53,90.7,16.28
54,18,3.0076833236999994,2.86,136.39,135.39,91.67,15.920000000000002
55,18,2.9999639305499994,2.85,139.39,138.24,92.69,16.310000000000002
56,18,3.091889806549999,2.84,142.48,141.08,93.71,14.41
57,18,3.088389446049999,3.06,145.57,144.14,94.71,14.750000000000002
58,18,3.13593428605,2.86,148.71,147.0,95.79,13.83
59,18,3.0913558732999995,2.99,151.8,149.99,96.79,15.120000000000001
60,18,3.1077372267999985,3.0,154.91,152.99,97.84,14.950000000000003
61,18,3.1056007072,3.18,158.02,156.17,98.88,15.169999999999998
62,18,3.0857467265499987,3.03,161.11,159.2,99.99,15.73
63,18,3.1013637147999997,2.99,164.21,162.19,101.04,15.55
64,18,3.1638955096999983,2.97,167.37,165.16,102.07,14.400000000000002
65,18,3.1796275191999994,3.29,170.55,168.45,103.08,14.200000000000001
66,18,3.139491850799998,3.19,173.69,171.64,104.21,15.139999999999999
67,18,3.124472469549999,2.97,176.81,174.61,105.29,15.51
68,18,3.0594904945,3.22,179.87,177.83,106.3,16.69
69,18,3.005526614699999,3.12,182.88,180.95,107.38,17.570000000000004
70,18,3.0589567046999995,3.03,185.94,183.98,108.43,16.76
71,18,3.1656269074999996,3.05,189.11,187.03,109.45,15.0
72,18,3.053261272299999,2.77,192.16,189.8,110.46,16.870000000000005
73,18,2.993764902199999,2.76,195.15,192.56,111.38,17.740000000000002
74,18,2.992532736999998,3.13,198.14,195.69,112.3,17.740000000000002
75,18,3.0630968142,2.9,201.2,198.59,113.33,16.7
76,18,3.1895433341999992,2.9,204.39,201.49,114.28,14.689999999999998
77,18,3.1829089237,3.44,207.57,204.93,115.23,14.8
78,18,3.1426436192499994,3.11,210.71,208.04,116.35,15.43
79,18,3.1933800687999994,3.13,213.9,211.17,117.36,14.600000000000001
80,18,3.1152479571999985,3.17,217.02,214.34,118.37,15.780000000000001
