floor(cycle / (24 * 60)),pig.id,pig.target_dfi,pig.dfi,pig.target_cfi,pig.cfi,pig.weight,ET
0,19,1.7061867569999998,1.44,1.71,1.44,37.0,15.59
1,19,1.7282682710500001,1.64,3.44,3.08,37.59,15.59
2,19,1.7437021667500001,2.04,5.18,5.12,38.25,14.469999999999999
3,19,1.7850417881999994,1.95,6.97,7.07,39.08,16.07
4,19,1.8111762359499997,1.96,8.78,9.03,39.87,15.409999999999998
5,19,1.8414873378,1.61,10.62,10.64,40.66,16.579999999999995
6,19,1.8608792412999995,2.11,12.48,12.75,41.31,14.959999999999999
7,19,1.8913105247999997,1.84,14.37,14.59,42.16,14.959999999999999
8,19,1.9190684417999995,2.15,16.29,16.74,42.89,15.74
9,19,1.9485113557499993,2.2,18.24,18.94,43.75,15.89
10,19,1.9749357634500002,2.22,20.21,21.16,44.63,16.79
11,19,2.0046313745499997,2.11,22.21,23.27,45.51,16.61
12,19,2.0290245729999996,2.14,24.24,25.41,46.35,16.98
13,19,2.057079725049999,1.91,26.3,27.32,47.19,16.79
14,19,2.080580313,1.79,28.38,29.11,47.95,16.82
15,19,2.1116468519999994,2.15,30.49,31.26,48.65,15.139999999999997
16,19,2.1314522515499994,1.86,32.62,33.12,49.49,16.43
17,19,2.1536906466999994,1.94,34.77,35.06,50.22,16.43
18,19,2.1846101352,1.97,36.95,37.03,50.98,15.319999999999997
19,19,2.2044375557499998,1.94,39.15,38.97,51.75,15.89
20,19,2.2253609874999998,1.99,41.38,40.96,52.5,16.05
21,19,2.2391964274499996,2.52,43.62,43.48,53.27,16.79
22,19,2.2860107487999994,2.27,45.91,45.75,54.24,14.82
23,19,2.3019972271999993,2.15,48.21,47.9,55.12,15.959999999999997
24,19,2.3231580192999988,2.36,50.53,50.26,55.94,16.11
25,19,2.353167185499999,2.18,52.88,52.44,56.85,15.719999999999999
26,19,2.3600389591999993,2.26,55.24,54.7,57.68,16.779999999999998
27,19,2.3942309583,2.6,57.63,57.3,58.54,16.07
28,19,2.395943411199999,2.41,60.03,59.71,59.52,17.35
29,19,2.430496723799999,2.54,62.46,62.25,60.44,16.79
30,19,2.4415655300499997,2.66,64.9,64.91,61.39,17.35
31,19,2.49258735105,2.61,67.39,67.52,62.39,16.07
32,19,2.5085725421999996,2.53,69.9,70.05,63.37,16.46
33,19,2.5181559711999992,2.69,72.42,72.74,64.32,17.01
34,19,2.5618991771999995,2.78,74.98,75.52,65.32,16.1
35,19,2.5813921454999984,2.41,77.56,77.93,66.35,16.28
36,19,2.603064432799999,2.49,80.16,80.42,67.24,16.200000000000003
37,19,2.6295602804999993,2.62,82.79,83.04,68.15,15.920000000000002
38,19,2.6721033951999997,2.95,85.46,85.99,69.12,14.92
39,19,2.6262603130000004,2.78,88.09,88.77,70.2,17.57
40,19,2.7128873207999997,2.93,90.8,91.7,71.21,15.14
41,19,2.743192241949999,3.0,93.54,94.7,72.27,14.77
42,19,2.7596870947999994,3.03,96.3,97.73,73.36,15.03
43,19,2.7497412607499987,2.53,99.05,100.26,74.45,16.189999999999998
44,19,2.783711948799999,3.01,101.83,103.27,75.36,15.6
45,19,2.7767498472000005,2.73,104.61,106.0,76.43,16.46
46,19,2.7803130103000004,2.88,107.39,108.88,77.41,16.84
47,19,2.8165491566999994,2.65,110.21,111.53,78.43,16.28
48,19,2.8255016621999993,2.96,113.04,114.49,79.37,16.46
49,19,2.8545612767999997,2.93,115.89,117.42,80.41,16.1
50,19,2.828743088799999,2.8,118.72,120.22,81.44,17.19
51,19,2.8843205511999996,2.92,121.6,123.14,82.42,16.119999999999997
52,19,2.8636879267999986,2.97,124.46,126.11,83.44,17.01
53,19,2.9070947966999996,2.8,127.37,128.91,84.47,16.28
54,19,2.934131756799998,2.65,130.3,131.56,85.44,15.920000000000002
55,19,2.930367563249998,3.04,133.23,134.6,86.35,16.310000000000002
56,19,3.0150289269999995,2.78,136.25,137.38,87.4,14.41
57,19,3.01593438625,2.74,139.27,140.12,88.35,14.750000000000002
58,19,3.0597304635499984,3.06,142.33,143.18,89.29,13.83
59,19,3.0263969556999992,2.75,145.36,145.93,90.33,15.120000000000001
60,19,3.0437801202999997,3.31,148.4,149.24,91.26,14.950000000000003
61,19,3.0470736914499996,2.91,151.45,152.15,92.37,15.169999999999998
62,19,3.032834591749999,3.3,154.48,155.45,93.35,15.73
63,19,3.0513713422999995,2.79,157.53,158.24,94.46,15.55
64,19,3.1094442913000004,3.14,160.64,161.38,95.39,14.400000000000002
65,19,3.1275877446999987,3.27,163.77,164.65,96.43,14.200000000000001
66,19,3.0964020737999993,3.0,166.87,167.65,97.51,15.139999999999999
67,19,3.086542884499999,2.99,169.96,170.64,98.5,15.51
68,19,3.0320085202000002,2.74,172.99,173.38,99.48,16.69
69,19,2.986257351449999,2.98,175.98,176.36,100.37,17.570000000000004
70,19,3.0378693494999998,3.13,179.02,179.49,101.35,16.76
71,19,3.1368030087999985,2.88,182.16,182.37,102.36,15.0
72,19,3.0396484895499998,3.27,185.2,185.64,103.29,16.870000000000005
73,19,2.9893521597999997,2.84,188.19,188.48,104.34,17.740000000000002
74,19,2.991300396999999,3.25,191.18,191.73,105.25,17.740000000000002
75,19,3.0588579598,3.2,194.24,194.93,106.29,16.7
76,19,3.1760944055499984,3.47,197.42,198.4,107.31,14.689999999999998
77,19,3.173879789299999,3.39,200.59,201.79,108.41,14.8
78,19,3.141170588199999,3.24,203.73,205.03,109.48,15.43
79,19,3.190210199999999,2.98,206.92,208.01,110.5,14.600000000000001
80,19,3.1227573841999994,3.38,210.04,211.39,111.43,15.780000000000001
