floor(cycle / (24 * 60)),pig.id,pig.target_dfi,pig.dfi,pig.target_cfi,pig.cfi,pig.weight,ET
0,11,1.5688870856010684,1.56,1.57,1.56,35.75,18.79
1,11,1.586400672781185,1.36,3.16,2.92,36.33,18.79
2,11,1.6017968661707003,1.43,4.76,4.35,36.84,17.200000000000003
3,11,1.6176567043225378,1.74,6.38,6.09,37.37,17.41
4,11,1.6366932912009446,1.35,8.02,7.44,38.01,18.14
5,11,1.651460328261197,1.91,9.67,9.35,38.51,18.83
6,11,1.6724016579391057,1.82,11.34,11.17,39.22,18.82
7,11,1.692150232308529,1.71,13.03,12.88,39.89,17.490000000000002
8,11,1.7101981273409337,1.64,14.74,14.52,40.51,18.380000000000003
9,11,1.7273966083283205,1.88,16.47,16.4,41.11,19.6
10,11,1.747443759708313,1.51,18.22,17.91,41.8,19.200000000000003
11,11,1.7634402121976573,1.62,19.98,19.53,42.35,18.03
12,11,1.7803450713018398,1.79,21.76,21.32,42.94,18.09
13,11,1.798821116995667,2.02,23.56,23.34,43.6,19.62
14,11,1.819705075853015,1.83,25.38,25.17,44.33,19.13
15,11,1.8377383335118662,1.98,27.22,27.15,44.99,20.18
16,11,1.8587069690005404,1.59,29.08,28.74,45.71,18.599999999999998
17,11,1.8742689514829294,1.96,30.95,30.7,46.28,19.62
18,11,1.893631031569106,2.04,32.84,32.74,46.99,20.09
19,11,1.9142081665332658,1.91,34.75,34.65,47.72,19.65
20,11,1.9331322734821885,2.0,36.68,36.65,48.4,19.37
21,11,1.952864314974891,1.68,38.63,38.33,49.12,19.41
22,11,1.9694740651442957,1.87,40.6,40.2,49.71,18.22
23,11,1.9877297090501829,1.83,42.59,42.03,50.38,18.259999999999998
24,11,2.0047875660107297,2.24,44.59,44.27,51.03,19.459999999999997
25,11,2.0267624282430923,2.2,46.62,46.47,51.82,18.13
26,11,2.047026956685898,1.77,48.67,48.24,52.6,19.459999999999997
27,11,2.064357768009483,2.24,50.73,50.48,53.22,18.13
28,11,2.0844729867662983,2.22,52.81,52.7,54.01,19.58
29,11,2.104790232554884,2.2,54.91,54.9,54.79,19.8
30,11,2.126270727063069,1.99,57.04,56.89,55.56,18.66
31,11,2.143166978247731,2.35,59.18,59.24,56.25,19.78
32,11,2.1634435344785903,1.98,61.34,61.22,57.07,20.229999999999997
33,11,2.1719409426629914,2.11,63.51,63.33,57.76,21.66
34,11,2.199138228781743,2.37,65.71,65.7,58.49,20.48
35,11,2.220740088855976,2.24,67.93,67.94,59.31,20.33
36,11,2.241443245789595,2.06,70.17,70.0,60.08,20.04
37,11,2.2621639882330724,2.25,72.43,72.25,60.78,18.300000000000004
38,11,2.2807210164120497,2.05,74.71,74.3,61.56,19.43
39,11,2.298415529597723,2.14,77.01,76.44,62.26,19.46
40,11,2.314345673417899,2.45,79.32,78.89,62.99,20.2
41,11,2.33789077414367,2.05,81.66,80.94,63.82,19.400000000000006
42,11,2.3539055180027924,2.59,84.01,83.53,64.51,19.820000000000004
43,11,2.3769384411543375,2.43,86.39,85.96,65.39,19.480000000000004
44,11,2.391989230854559,2.32,88.78,88.28,66.21,20.520000000000003
45,11,2.4135439633778417,2.47,91.19,90.75,66.99,20.160000000000004
46,11,2.417132011901011,2.69,93.61,93.44,67.82,21.550000000000004
47,11,2.4390421139520564,2.17,96.05,95.61,68.71,21.490000000000002
48,11,2.475983182870408,2.37,98.53,97.98,69.44,19.650000000000002
49,11,2.4769843356955374,2.74,101.01,100.72,70.22,21.340000000000003
50,11,2.5090886563837853,2.8,103.52,103.52,71.13,20.630000000000003
51,11,2.5061911367365153,2.78,106.03,106.3,72.06,21.870000000000005
52,11,2.46555634901465,2.2,108.5,108.5,72.97,23.36
53,11,2.553313400685286,2.63,111.05,111.13,73.69,21.47
54,11,2.5328838596270304,2.45,113.58,113.58,74.55,22.619999999999997
55,11,2.483814783273209,2.75,116.06,116.33,75.35,23.900000000000002
56,11,2.568685692471589,2.37,118.63,118.7,76.25,22.61
57,11,2.539527989295764,2.69,121.17,121.39,77.02,23.490000000000002
58,11,2.625316368510547,2.69,123.8,124.08,77.89,22.080000000000002
59,11,2.64256837227699,2.64,126.44,126.72,78.75,22.1
60,11,2.663572752434578,2.54,129.1,129.26,79.6,22.020000000000003
61,11,2.678771667645215,2.88,131.78,132.14,80.41,22.06
62,11,2.6807850578420527,2.46,134.46,134.6,81.33,22.43
63,11,2.64091788362816,2.88,137.1,137.48,82.12,23.439999999999998
64,11,2.6823902001691673,2.66,139.78,140.14,83.03,23.030000000000005
65,11,2.66785605977618,2.73,142.45,142.87,83.87,23.54
66,11,2.7108637042676706,2.66,145.16,145.53,84.73,23.099999999999998
67,11,2.7871222153804096,2.83,147.95,148.36,85.57,21.990000000000002
68,11,2.7415710405372002,2.44,150.69,150.8,86.45,23.13
69,11,2.8229905270230264,2.79,153.51,153.59,87.22,21.93
70,11,2.7632004104617183,2.77,156.27,156.36,88.08,23.270000000000003
71,11,2.7892979266361597,2.67,159.06,159.03,88.94,23.110000000000003
72,11,2.816057445191486,2.92,161.88,161.95,89.77,22.93
73,11,2.8603886921768047,3.0,164.74,164.95,90.67,22.48
74,11,2.8400238386335483,3.05,167.58,168.0,91.59,23.08
75,11,2.812760250267561,2.88,170.39,170.88,92.52,23.73
76,11,2.9195934625450697,3.14,173.31,174.02,93.4,22.35
77,11,2.931807180662382,2.75,176.24,176.77,94.35,22.44
78,11,3.021879396261231,3.07,179.26,179.84,95.19,21.05
79,11,3.0077952122492806,3.28,182.27,183.12,96.11,21.71
80,11,3.01873365304232,2.85,185.29,185.97,97.1,21.85
81,11,3.092060073264332,3.38,188.38,189.35,97.95,20.68
82,11,3.0595281778775094,2.95,191.44,192.3,98.96,21.750000000000004
83,11,2.9933512459100555,3.03,194.43,195.33,99.84,23.000000000000004
84,11,3.052476556772875,2.9,197.48,198.23,100.74,22.380000000000006
85,11,3.090969508803049,2.92,200.57,201.15,101.59,22.03
86,11,2.9956178629757537,2.78,203.57,203.93,102.45,23.580000000000002
87,11,3.085756443068514,2.84,206.66,206.77,103.27,22.549999999999997
88,11,3.011142525248866,3.02,209.67,209.79,104.1,23.740000000000002
89,11,3.1004225541333925,3.03,212.77,212.82,104.98,22.759999999999998
90,11,3.1475243904457253,2.9,215.92,215.72,105.85,22.32
