floor(cycle / (24 * 60)),pig.id,pig.target_dfi,pig.dfi,pig.target_cfi,pig.cfi,pig.weight,ET
0,5,1.5461083897035959,1.84,1.55,1.84,35.0,18.79
1,5,1.5682815969998163,1.46,3.12,3.3,35.73,18.79
2,5,1.585560297473528,1.84,4.71,5.14,36.3,17.200000000000003
3,5,1.607487944137205,1.44,6.32,6.58,37.03,17.41
4,5,1.6244936378892907,1.89,7.94,8.47,37.6,18.14
5,5,1.6464286735269045,1.46,9.59,9.93,38.34,18.83
6,5,1.6632734220461776,1.51,11.25,11.44,38.91,18.82
7,5,1.6807189491103292,1.77,12.93,13.21,39.5,17.490000000000002
8,5,1.7008682632002252,1.5,14.63,14.71,40.19,18.380000000000003
9,5,1.7178281348923805,1.49,16.35,16.2,40.78,19.6
10,5,1.7347416329934817,1.86,18.08,18.06,41.36,19.200000000000003
11,5,1.755677217405794,1.96,19.84,20.02,42.08,18.03
12,5,1.777484120887267,1.5,21.62,21.52,42.84,18.09
13,5,1.7937015926459918,2.06,23.41,23.58,43.42,19.62
14,5,1.8163082690204249,1.97,25.23,25.55,44.21,19.13
15,5,1.8371763420844471,2.13,27.07,27.68,44.97,20.18
16,5,1.8606691579938581,1.75,28.93,29.43,45.78,18.599999999999998
17,5,1.8790070645002397,1.65,30.81,31.08,46.45,19.62
18,5,1.8961242524679152,1.73,32.71,32.81,47.08,20.09
19,5,1.9147603834967286,1.83,34.62,34.64,47.74,19.65
20,5,1.9342323908329013,2.04,36.55,36.68,48.44,19.37
21,5,1.9553272855063306,2.03,38.51,38.71,49.21,19.41
22,5,1.9768438288405852,2.07,40.49,40.78,49.98,18.22
23,5,1.998054755218392,1.93,42.49,42.71,50.76,18.259999999999998
24,5,2.01720647040385,2.14,44.51,44.85,51.49,19.459999999999997
25,5,2.0394188712034516,2.04,46.55,46.89,52.29,18.13
26,5,2.0593250272833097,2.33,48.61,49.22,53.06,19.459999999999997
27,5,2.083305058523553,2.19,50.69,51.41,53.93,18.13
28,5,2.1040615324233403,2.14,52.79,53.55,54.75,19.58
29,5,2.1245274388528035,1.92,54.91,55.47,55.54,19.8
30,5,2.144424077633182,2.06,57.05,57.53,56.25,18.66
31,5,2.163254645889428,2.16,59.21,59.69,57.02,19.78
32,5,2.182585670136831,2.33,61.39,62.02,57.81,20.229999999999997
33,5,2.194702707333491,2.45,63.58,64.47,58.67,21.66
34,5,2.226719037698221,2.03,65.81,66.5,59.57,20.48
35,5,2.2462057301614595,2.42,68.06,68.92,60.31,20.33
36,5,2.2696656832527053,2.24,70.33,71.16,61.19,20.04
37,5,2.2935952073261334,2.42,72.62,73.58,62.01,18.300000000000004
38,5,2.3144074533483727,2.45,74.93,76.03,62.89,19.43
39,5,2.336489554074378,2.37,77.27,78.4,63.77,19.46
40,5,2.355195043205924,2.54,79.63,80.94,64.63,20.2
41,5,2.38089387748737,2.65,82.01,83.59,65.54,19.400000000000006
42,5,2.4029960420695398,2.2,84.41,85.79,66.49,19.820000000000004
43,5,2.42375006453574,2.3,86.83,88.09,67.28,19.480000000000004
44,5,2.4378657148253304,2.63,89.27,90.72,68.1,20.520000000000003
45,5,2.46317188856181,2.37,91.73,93.09,69.03,20.160000000000004
46,5,2.4646457592879463,2.67,94.19,95.76,69.87,21.550000000000004
47,5,2.4875214620043073,2.42,96.68,98.18,70.81,21.490000000000002
48,5,2.5299097752175865,2.31,99.21,100.49,71.67,19.650000000000002
49,5,2.528915138282135,2.76,101.74,103.25,72.48,21.340000000000003
50,5,2.5632706616352046,2.73,104.3,105.98,73.44,20.630000000000003
51,5,2.5578330494846777,2.73,106.86,108.71,74.4,21.870000000000005
52,5,2.5135105174525108,2.4,109.37,111.11,75.35,23.36
53,5,2.6087493467546756,2.47,111.98,113.58,76.18,21.47
54,5,2.5843055154423547,2.38,114.56,115.96,77.03,22.619999999999997
55,5,2.532066715222858,2.29,117.09,118.25,77.85,23.900000000000002
56,5,2.6176733740672056,2.82,119.71,121.07,78.64,22.61
57,5,2.5897091955508653,2.36,122.3,123.43,79.6,23.490000000000002
58,5,2.677928194131762,2.61,124.98,126.04,80.41,22.080000000000002
59,5,2.6954153270820385,2.56,127.68,128.6,81.3,22.1
60,5,2.7167611663103095,2.77,130.4,131.37,82.17,22.020000000000003
61,5,2.7339794874353256,2.72,133.13,134.09,83.1,22.06
62,5,2.734493941868899,2.87,135.86,136.96,84.02,22.43
63,5,2.694843824911931,2.89,138.55,139.85,84.98,23.439999999999998
64,5,2.738206896121585,2.73,141.29,142.58,85.95,23.030000000000005
65,5,2.7233726773951994,2.49,144.01,145.07,86.86,23.54
66,5,2.766661251483101,2.52,146.78,147.59,87.69,23.099999999999998
67,5,2.8459993346569545,2.85,149.63,150.44,88.53,21.990000000000002
68,5,2.7978312532458256,2.51,152.43,152.95,89.47,23.13
69,5,2.883798459550555,2.58,155.31,155.53,90.3,21.93
70,5,2.8193089325539713,2.79,158.13,158.32,91.14,23.270000000000003
71,5,2.846632082721598,3.0,160.98,161.32,92.06,23.110000000000003
72,5,2.8761596095225817,2.92,163.86,164.24,93.03,22.93
73,5,2.9224458575344263,2.82,166.78,167.06,93.98,22.48
74,5,2.900013920957334,3.18,169.68,170.24,94.9,23.08
75,5,2.8724185552378585,2.88,172.55,173.12,95.92,23.73
76,5,2.9836758602647597,2.77,175.53,175.89,96.85,22.35
77,5,2.9941694210900702,2.95,178.52,178.84,97.74,22.44
78,5,3.090882747873142,3.07,181.61,181.91,98.68,21.05
79,5,3.074987777430593,3.16,184.68,185.07,99.66,21.71
80,5,3.0852224118530573,2.86,187.77,187.93,100.66,21.85
81,5,3.16380687051171,3.28,190.93,191.21,101.56,20.68
82,5,3.1269884856598993,3.4,194.06,194.61,102.59,21.750000000000004
83,5,3.0598541698256625,3.33,197.12,197.94,103.66,23.000000000000004
84,5,3.123013511299338,3.4,200.24,201.34,104.7,22.380000000000006
85,5,3.1659882235325503,2.9,203.41,204.24,105.75,22.03
86,5,3.0661289433806935,2.83,206.48,207.07,106.65,23.580000000000002
87,5,3.1598867859269824,3.14,209.64,210.21,107.52,22.549999999999997
88,5,3.0838283534504107,2.95,212.72,213.16,108.49,23.740000000000002
89,5,3.176004579008804,3.08,215.9,216.24,109.39,22.759999999999998
90,5,3.22547633372825,3.32,219.13,219.56,110.33,22.32
