floor(cycle / (24 * 60)),pig.id,pig.target_dfi,pig.dfi,pig.target_cfi,pig.cfi,pig.weight,ET
0,1,1.6594501218709234,1.86,1.66,1.86,36.03,21.32
1,1,1.5810333576111066,1.7,3.24,3.56,36.76,27.329966655180733
2,1,1.5494113468841022,1.61,4.79,5.17,37.43,28.549966655180736
3,1,1.5516082075498008,1.49,6.34,6.66,38.06,28.859966655180735
4,1,1.5951272308370568,1.7,7.94,8.36,38.64,28.139966655180736
5,1,1.6241531747631948,1.77,9.56,10.13,39.3,27.819966655180735
6,1,1.6284122846214086,1.48,11.19,11.61,39.99,28.109966655180735
7,1,1.6135947054451674,1.57,12.8,13.18,40.56,28.699966655180734
8,1,1.6501491731288973,1.71,14.45,14.89,41.17,28.049966655180732
9,1,1.5997659541752964,1.49,16.05,16.38,41.83,29.40996665518073
10,1,1.7021087737877625,1.73,17.75,18.11,42.41,27.24996665518073
11,1,1.6973352664766967,1.77,19.45,19.88,43.07,27.579966655180733
12,1,1.7243696463613252,1.82,21.17,21.7,43.75,27.17996665518073
13,1,1.7580454788905924,1.92,22.93,23.62,44.45,26.629966655180734
14,1,1.7434740343144692,1.68,24.67,25.3,45.19,27.209966655180732
15,1,1.6956758049902185,1.54,26.37,26.84,45.83,28.459966655180732
16,1,1.679722403184719,1.53,28.05,28.37,46.41,28.969966655180734
17,1,1.692006643412928,1.44,29.74,29.81,47.0,28.869966655180733
18,1,1.771575532320469,1.87,31.51,31.68,47.54,27.309966655180734
19,1,1.8284001646735357,1.88,33.34,33.56,48.25,26.269966655180735
20,1,1.7866867575168832,1.86,35.13,35.42,48.96,27.399966655180734
21,1,1.7494692951817208,1.73,36.88,37.15,49.66,28.379966655180738
22,1,1.6857397146664828,1.69,38.57,38.84,50.31,29.869966655180736
23,1,1.7630701738372019,1.62,40.33,40.46,50.95,28.43996665518074
24,1,1.7652473872652323,1.66,42.1,42.12,51.55,28.619966655180736
25,1,1.6964459054773016,1.55,43.8,43.67,52.17,30.25
26,1,1.6769929000394503,1.47,45.48,45.14,52.75,30.85
27,1,1.7089778081851519,1.92,47.19,47.06,53.3,30.41
28,1,1.7227616397089682,1.92,48.91,48.98,54.01,30.39
29,1,1.713877695607544,1.89,50.62,50.87,54.72,30.81
30,1,1.8730320636576714,2.02,52.49,52.89,55.42,27.97
31,1,1.833282473862167,1.93,54.32,54.82,56.17,29.009999999999998
32,1,1.7741390177733931,1.95,56.09,56.77,56.88,30.38
33,1,1.817930910081663,1.83,57.91,58.6,57.59,29.790000000000003
34,1,1.8732293447274482,2.15,59.78,60.75,58.26,28.98
35,1,1.8269620883114226,1.58,61.61,62.33,59.05,30.099999999999998
36,1,1.823763485600861,1.64,63.43,63.97,59.62,30.34
37,1,1.9020648474809638,2.07,65.33,66.04,60.22,29.099999999999998
38,1,1.8910760110252276,1.71,67.22,67.75,60.97,29.539999999999996
39,1,1.9481071789797728,2.03,69.17,69.78,61.59,28.71
40,1,1.9734882164994632,1.84,71.14,71.62,62.32,28.49
41,1,2.0035580730136773,1.83,73.14,73.45,62.99,28.17
42,1,1.9932645609717417,1.76,75.13,75.21,63.65,28.560000000000002
43,1,2.1065813745839606,1.95,77.24,77.16,64.28,26.770000000000003
44,1,2.060005171856602,2.11,79.3,79.27,64.98,27.810000000000002
45,1,2.1732177758724274,2.02,81.47,81.29,65.73,26.080000000000002
46,1,2.09807629612083,2.24,83.57,83.53,66.45,27.61
47,1,2.13697201983109,1.93,85.71,85.46,67.24,27.189999999999998
48,1,2.079328914200475,1.93,87.79,87.39,67.93,28.369999999999997
49,1,2.1980113316227863,2.15,89.99,89.54,68.61,26.580000000000002
50,1,2.2005472152554426,2.27,92.19,91.81,69.37,26.77
51,1,2.249179042719967,2.2,94.44,94.01,70.16,26.2
52,1,2.2725665823788535,2.52,96.71,96.53,70.94,26.05
53,1,2.2966342878588355,2.56,99.01,99.09,71.82,25.92
54,1,2.25861122471229,2.1,101.27,101.19,72.71,26.8
55,1,2.21198376292169,2.21,103.48,103.4,73.44,27.75
56,1,2.3037718324689953,2.5,105.78,105.9,74.2,26.5
57,1,2.2288226310910315,1.99,108.01,107.89,75.07,27.919999999999998
58,1,2.2543410819423664,2.35,110.26,110.24,75.75,27.699999999999996
59,1,2.2187872142260807,2.43,112.48,112.67,76.56,28.46
60,1,2.272073556074387,2.26,114.75,114.93,77.39,27.849999999999998
61,1,2.2134049313714668,2.28,116.96,117.21,78.17,28.94
62,1,2.326081940329052,2.11,119.29,119.32,78.94,27.42
63,1,2.344721376109004,2.21,121.63,121.53,79.66,27.32
64,1,2.2842598815661925,2.44,123.91,123.97,80.41,28.41
65,1,2.3175665915510657,2.53,126.23,126.5,81.23,28.110000000000003
66,1,2.3766831776786046,2.17,128.61,128.67,82.08,27.44
67,1,2.305256189336167,2.49,130.92,131.16,82.81,28.660000000000004
68,1,2.3899196628601884,2.17,133.31,133.33,83.65,27.62
69,1,2.352369121700185,2.57,135.66,135.9,84.37,28.330000000000005
70,1,2.452215246392648,2.74,138.11,138.64,85.23,27.090000000000007
71,1,2.4738602957512206,2.64,140.58,141.28,86.13,26.990000000000006
72,1,2.431628499489413,2.54,143.01,143.82,87.01,27.790000000000003
73,1,2.48948731396863,2.41,145.5,146.23,87.84,27.16
74,1,2.50443398350255,2.58,148.0,148.81,88.64,27.13
75,1,2.5968944402537857,2.35,150.6,151.16,89.48,26.03
76,1,2.5481660341589625,2.5,153.15,153.66,90.25,26.88
77,1,2.4896191969298243,2.33,155.64,155.99,91.06,27.86
78,1,2.5526441141626295,2.63,158.19,158.62,91.82,27.16
79,1,2.455153187613275,2.2,160.65,160.82,92.67,28.660000000000004
80,1,2.52285373386193,2.48,163.17,163.3,93.38,27.890000000000004
81,1,2.6320104137227016,2.78,165.8,166.08,94.18,26.590000000000003
82,1,2.620551394077784,2.89,168.42,168.97,95.07,26.930000000000003
83,1,2.6499708337377705,2.92,171.07,171.89,95.99,26.730000000000004
84,1,2.5913586849681653,2.5,173.66,174.39,96.92,27.69
85,1,2.6554479013468795,2.88,176.32,177.27,97.72,27.01
86,1,2.6161735132444197,2.88,178.94,180.15,98.63,27.700000000000003
87,1,2.6102911906924153,2.43,181.55,182.58,99.54,27.950000000000003
88,1,2.6674794837901343,2.71,184.22,185.29,100.3,27.360000000000003
89,1,2.720962295602401,2.42,186.94,187.71,101.15,26.84
90,1,2.6668755878696677,2.52,189.61,190.23,101.9,27.67
