floor(cycle / (24 * 60)),pig.id,pig.target_dfi,pig.dfi,pig.target_cfi,pig.cfi,pig.weight,ET
0,15,1.7438690067203764,2.04,1.74,2.04,39.1,21.32
1,15,1.6585675784970983,1.58,3.4,3.62,39.89,27.329966655180733
2,15,1.6192311887898445,1.38,5.02,5.0,40.5,28.549966655180736
3,15,1.6131213521484369,1.49,6.63,6.49,41.03,28.859966655180735
4,15,1.6523133368634295,1.75,8.28,8.24,41.6,28.139966655180736
5,15,1.6756084412538086,1.52,9.96,9.76,42.27,27.819966655180735
6,15,1.6710354375523038,1.62,11.63,11.38,42.85,28.109966655180735
7,15,1.6532743693838332,1.36,13.28,12.74,43.47,28.699966655180734
8,15,1.6892777037714217,1.42,14.97,14.16,43.98,28.049966655180732
9,15,1.6350251722919125,1.63,16.61,15.79,44.52,29.40996665518073
10,15,1.740999629855619,1.98,18.35,17.77,45.14,27.24996665518073
11,15,1.736640191969373,1.74,20.09,19.51,45.89,27.579966655180733
12,15,1.7638296614418103,1.5,21.85,21.01,46.55,27.17996665518073
13,15,1.7962821468986643,1.87,23.65,22.88,47.11,26.629966655180734
14,15,1.7799997193878645,2.01,25.43,24.89,47.82,27.209966655180732
15,15,1.7315908656353893,1.92,27.16,26.81,48.57,28.459966655180732
16,15,1.7165153156774324,1.85,28.88,28.66,49.29,28.969966655180734
17,15,1.7300136733860523,1.89,30.61,30.55,49.98,28.869966655180733
18,15,1.8139652899575127,1.83,32.42,32.38,50.68,27.309966655180734
19,15,1.8745292528789492,1.59,34.29,33.97,51.36,26.269966655180735
20,15,1.8329016986781006,1.72,36.12,35.69,51.95,27.399966655180734
21,15,1.7973886090955504,1.91,37.92,37.6,52.59,28.379966655180738
22,15,1.7360290826488924,1.49,39.66,39.09,53.29,29.869966655180736
23,15,1.8186016054394294,1.56,41.48,40.65,53.84,28.43996665518074
24,15,1.8205661486932756,1.74,43.3,42.39,54.42,28.619966655180736
25,15,1.7487326936600012,1.82,45.05,44.21,55.06,30.25
26,15,1.7292744318735571,2.02,46.78,46.23,55.72,30.85
27,15,1.7651968529247557,1.84,48.55,48.07,56.46,30.41
28,15,1.7779827121884058,2.03,50.33,50.1,57.13,30.39
29,15,1.768436700396293,1.88,52.1,51.98,57.87,30.81
30,15,1.9326939171593942,1.71,54.03,53.69,58.55,27.97
31,15,1.88811519228208,1.8,55.92,55.49,59.17,29.009999999999998
32,15,1.8250049989183357,2.11,57.75,57.6,59.82,30.38
33,15,1.8704775863697107,1.82,59.62,59.42,60.58,29.790000000000003
34,15,1.9268596537224354,1.71,61.55,61.13,61.24,28.98
35,15,1.8750950862717228,1.9,63.43,63.03,61.85,30.099999999999998
36,15,1.8731060439502976,1.89,65.3,64.92,62.53,30.34
37,15,1.9548412289793622,1.74,67.25,66.66,63.21,29.099999999999998
38,15,1.9405086743067603,1.71,69.19,68.37,63.83,29.539999999999996
39,15,1.998619778013454,1.83,71.19,70.2,64.44,28.71
40,15,2.022539345943911,2.32,73.21,72.52,65.08,28.49
41,15,2.055755293082636,1.79,75.27,74.31,65.91,28.17
42,15,2.0439840958730975,1.87,77.31,76.18,66.54,28.560000000000002
43,15,2.1608930717523775,2.03,79.47,78.21,67.2,26.770000000000003
44,15,2.112299122096745,2.2,81.58,80.41,67.91,27.810000000000002
45,15,2.2288722832022523,2.33,83.81,82.74,68.68,26.080000000000002
46,15,2.1523171732523716,1.95,85.96,84.69,69.5,27.61
47,15,2.189763990858126,2.15,88.15,86.84,70.18,27.189999999999998
48,15,2.130592990868979,2.37,90.28,89.21,70.92,28.369999999999997
49,15,2.2550454413118954,2.33,92.54,91.54,71.75,26.580000000000002
50,15,2.257631443168055,2.3,94.8,93.84,72.55,26.77
51,15,2.3071170816512425,2.45,97.11,96.29,73.34,26.2
52,15,2.3317825204818683,2.32,99.44,98.61,74.19,26.05
53,15,2.3541685021360585,2.14,101.79,100.75,74.98,25.92
54,15,2.3113003884057153,2.44,104.1,103.19,75.71,26.8
55,15,2.264560227363697,2.34,106.36,105.53,76.55,27.75
56,15,2.3589646543307303,2.17,108.72,107.7,77.34,26.5
57,15,2.2789135349484577,2.09,111.0,109.79,78.08,27.919999999999998
58,15,2.3049469417868833,2.59,113.3,112.38,78.78,27.699999999999996
59,15,2.2689202109899713,2.02,115.57,114.4,79.66,28.46
60,15,2.320615228828602,2.58,117.89,116.98,80.34,27.849999999999998
61,15,2.2611053078558467,2.3,120.15,119.28,81.2,28.94
62,15,2.37623557834897,2.36,122.53,121.64,81.97,27.42
63,15,2.395991338766797,2.51,124.93,124.15,82.76,27.32
64,15,2.3346158716490772,2.51,127.26,126.66,83.59,28.41
65,15,2.368392175910544,2.58,129.63,129.24,84.42,28.110000000000003
66,15,2.428491238071003,2.63,132.06,131.87,85.27,27.44
67,15,2.356780755822894,2.57,134.42,134.44,86.14,28.660000000000004
68,15,2.443171673584159,2.27,136.86,136.71,86.98,27.62
69,15,2.404532909645295,2.11,139.26,138.82,87.73,28.330000000000005
70,15,2.5037720311711236,2.66,141.76,141.48,88.42,27.090000000000007
71,15,2.5247108801125155,2.79,144.28,144.27,89.28,26.990000000000006
72,15,2.481286120441104,2.62,146.76,146.89,90.19,27.790000000000003
73,15,2.5402111995172256,2.36,149.3,149.25,91.03,27.16
74,15,2.554372272156624,2.34,151.85,151.59,91.79,27.13
75,15,2.6472732511779777,2.74,154.5,154.33,92.55,26.03
76,15,2.5984486791983192,2.51,157.1,156.84,93.42,26.88
77,15,2.5378194057642305,2.74,159.64,159.58,94.22,27.86
78,15,2.6037377877379337,2.84,162.24,162.42,95.1,27.16
79,15,2.5040514205978153,2.34,164.74,164.76,96.0,28.660000000000004
80,15,2.5734310968506646,2.83,167.31,167.59,96.74,27.890000000000004
81,15,2.686191519375968,2.65,170.0,170.24,97.63,26.590000000000003
82,15,2.6729349555874258,2.54,172.67,172.78,98.46,26.930000000000003
83,15,2.7006499702691102,2.48,175.37,175.26,99.26,26.730000000000004
84,15,2.6377374361652346,2.65,178.01,177.91,100.03,27.69
85,15,2.7032509043114015,2.93,180.71,180.84,100.86,27.01
86,15,2.6626011963674525,2.51,183.37,183.35,101.77,27.700000000000003
87,15,2.654070980677312,2.5,186.02,185.85,102.54,27.950000000000003
88,15,2.712202609334643,2.54,188.73,188.39,103.31,27.360000000000003
89,15,2.7653033097641506,2.54,191.5,190.93,104.09,26.84
90,15,2.710193719302498,2.87,194.21,193.8,104.87,27.67
