floor(cycle / (24 * 60)),pig.id,pig.target_dfi,pig.dfi,pig.target_cfi,pig.cfi,pig.weight,ET
0,19,1.835882942106804,1.56,1.84,1.56,40.0,21.32
1,19,1.8719808290527884,2.12,3.71,3.68,40.58,21.32
2,19,1.887804362610448,1.95,5.6,5.63,41.36,21.360000000000003
3,19,1.896091666487745,2.14,7.5,7.77,42.08,21.630000000000003
4,19,1.8973865287970495,1.97,9.4,9.74,42.87,22.160000000000004
5,19,1.954978552321304,1.94,11.35,11.68,43.59,20.51
6,19,1.926815653650308,2.1,13.28,13.78,44.3,22.12
7,19,1.941037543998926,2.03,15.22,15.81,45.07,22.14
8,19,1.9876873708999325,2.2,17.21,18.01,45.81,21.02
9,19,1.9705820219591312,1.92,19.18,19.93,46.61,22.12
10,19,2.0276626591135276,2.22,21.21,22.15,47.31,20.61
11,19,2.041663747390769,2.24,23.25,24.39,48.11,20.66
12,19,2.0310355365206156,2.23,25.28,26.62,48.92,21.540000000000003
13,19,2.0445860962847164,1.8,27.32,28.42,49.72,21.560000000000002
14,19,2.0290882228107288,1.92,29.35,30.34,50.37,22.34
15,19,2.089099019999999,1.93,31.44,32.27,51.05,20.900000000000002
16,19,2.0711911912999996,1.83,33.51,34.1,51.74,21.97
17,19,2.1213192579999993,2.25,35.63,36.35,52.4,20.97
18,19,2.084625052,2.01,37.71,38.36,53.2,22.54
19,19,2.0781942065499996,2.01,39.79,40.37,53.91,23.089999999999996
20,19,2.1257026396999996,2.03,41.92,42.4,54.62,22.33
21,19,2.1578625792999997,2.12,44.08,44.52,55.34,21.93
22,19,2.167817479199999,2.12,46.25,46.64,56.08,22.099999999999998
23,19,2.22627052795,2.43,48.48,49.07,56.83,21.009999999999998
24,19,2.2032357211999996,2.35,50.68,51.42,57.68,22.09
25,19,2.2581296319999993,2.2,52.94,53.62,58.5,21.16
26,19,2.2654140286999995,2.23,55.21,55.85,59.27,21.400000000000002
27,19,2.311985990799999,2.39,57.52,58.24,60.04,20.62
28,19,2.2947453831999995,2.43,59.81,60.67,60.87,21.5
29,19,2.347453784799999,2.64,62.16,63.31,61.71,20.62
30,19,2.3425864331999997,2.19,64.5,65.5,62.62,21.200000000000003
31,19,2.4193415121999986,2.12,66.92,67.62,63.38,19.62
32,19,2.07073248,1.93,68.99,69.55,64.1,26.6
33,19,2.1327932858,2.07,71.12,71.62,64.76,25.81
34,19,1.9815702689500008,2.23,73.1,73.85,65.47,28.089999999999996
35,19,2.1544359787000005,2.37,75.25,76.22,66.23,25.799999999999997
36,19,2.092556298949999,2.16,77.34,78.38,67.03,26.85
37,19,2.1985508228000006,2.41,79.54,80.79,67.76,25.45
38,19,2.0989478181999996,2.07,81.64,82.86,68.58,27.02
39,19,2.216990044449999,2.03,83.86,84.89,69.27,25.47
40,19,2.2371616348,2.51,86.1,87.4,69.96,25.299999999999997
41,19,2.216396169999999,2.37,88.32,89.77,70.8,25.75
42,19,2.2610450623,2.25,90.58,92.02,71.59,25.239999999999995
43,19,2.2345520798,2.05,92.81,94.07,72.34,25.739999999999995
44,19,2.1751271211999996,2.08,94.99,96.15,73.02,26.639999999999993
45,19,2.299596542049999,2.26,97.29,98.41,73.71,25.03
46,19,2.206352803249999,2.06,99.5,100.47,74.45,26.41
47,19,2.2844669294499993,2.02,101.78,102.49,75.13,25.45
48,19,2.2672537930000005,2.11,104.05,104.6,75.8,25.77
49,19,2.1894118940499987,1.91,106.24,106.51,76.49,26.85
50,19,2.105132755199999,2.17,108.35,108.68,77.12,27.919999999999998
51,19,2.1556391061999993,2.28,110.51,110.96,77.82,27.38
52,19,2.2113400904500002,2.14,112.72,113.1,78.57,26.77
53,19,2.0692556802999995,2.16,114.79,115.26,79.26,28.47
54,19,2.128127189799999,2.4,116.92,117.66,79.96,27.85
55,19,2.1418302558,2.37,119.06,120.03,80.74,27.74
56,19,2.2040251654999996,2.06,121.26,122.09,81.5,27.07
57,19,2.2125463747999996,2.34,123.47,124.43,82.16,27.009999999999998
58,19,2.3460494805499996,2.54,125.82,126.97,82.91,25.45
59,19,2.4005884551999994,2.14,128.22,129.11,83.73,24.82
60,19,2.245224650549999,2.28,130.47,131.39,84.41,26.75
61,19,2.3350748164499997,2.05,132.81,133.44,85.13,25.729999999999997
62,19,2.3321265151999997,2.43,135.14,135.87,85.78,25.799999999999997
63,19,2.2537129869999997,2.14,137.39,138.01,86.55,26.74
64,19,2.3756731424499993,2.08,139.77,140.09,87.23,25.349999999999998
65,19,2.3956248572,2.1,142.17,142.19,87.88,25.14
66,19,2.398037427799999,2.18,144.57,144.37,88.54,25.14
67,19,2.2899286267,2.32,146.86,146.69,89.22,26.409999999999997
68,19,2.2630029705,2.56,149.12,149.25,89.95,26.72
69,19,2.1893651113,2.08,151.31,151.33,90.74,27.509999999999998
70,19,2.1225727630499986,2.23,153.43,153.56,91.39,28.19
71,19,2.3211670492000005,2.53,155.75,156.09,92.08,26.11
72,19,2.2939734492999992,2.53,158.04,158.62,92.86,26.41
73,19,2.1652152467999994,2.04,160.21,160.66,93.64,27.740000000000002
74,19,2.1011131627,2.0,162.31,162.66,94.27,28.36
75,19,2.2943429631999983,2.26,164.6,164.92,94.88,26.400000000000002
76,19,2.1216749674499997,2.11,166.72,167.03,95.57,28.130000000000003
77,19,2.238362425299999,2.52,168.96,169.55,96.21,26.96
78,19,2.0451922486999994,2.03,171.01,171.58,96.98,28.810000000000002
79,19,2.1836930840499993,2.35,173.19,173.93,97.59,27.47
80,19,2.317011249499999,2.59,175.51,176.52,98.3,26.11
81,19,2.3306561242,2.16,177.84,178.68,99.08,25.95
82,19,2.2578047139500006,2.01,180.1,180.69,99.73,26.669999999999998
83,19,2.2917013152999983,2.57,182.39,183.26,100.34,26.310000000000002
84,19,2.1897705579999984,2.41,184.58,185.67,101.1,27.28
85,19,2.2971902272000007,2.44,186.88,188.11,101.82,26.2
86,19,2.2880600469999997,2.39,189.17,190.5,102.55,26.259999999999998
87,19,2.4161282112999984,2.27,191.59,192.77,103.26,24.93
88,19,2.358953712449999,2.55,193.95,195.32,103.93,25.49
89,19,2.2526156572000002,2.43,196.2,197.75,104.68,26.5
90,19,2.3549689497999986,2.08,198.55,199.83,105.39,25.46
