floor(cycle / (24 * 60)),pig.id,pig.target_dfi,pig.dfi,pig.target_cfi,pig.cfi,pig.weight,ET
0,8,1.8136996480935306,2.11,1.81,2.11,39.0,21.32
1,8,1.852164224,1.9,3.66,4.01,39.84,21.32
2,8,1.8712446465821917,1.82,5.53,5.83,40.59,21.360000000000003
3,8,1.8799446200521552,1.93,7.41,7.76,41.31,21.630000000000003
4,8,1.8812185277668683,2.17,9.29,9.93,42.07,22.160000000000004
5,8,1.940994124801833,1.75,11.23,11.68,42.93,20.51
6,8,1.9132952015923705,2.06,13.14,13.74,43.61,22.12
7,8,1.9285334290965264,1.69,15.07,15.43,44.42,22.14
8,8,1.973221078539811,1.91,17.04,17.34,45.08,21.02
9,8,1.9558730055312512,2.24,19.0,19.58,45.82,22.12
10,8,2.0155914360645246,1.78,21.02,21.36,46.69,20.61
11,8,2.0277154646772324,2.24,23.05,23.6,47.38,20.66
12,8,2.018939959327829,1.77,25.07,25.37,48.25,21.540000000000003
13,8,2.030585863823021,1.82,27.1,27.19,48.93,21.560000000000002
14,8,2.016628491266432,2.2,29.12,29.39,49.63,22.34
15,8,2.078379056903353,2.3,31.2,31.69,50.48,20.900000000000002
16,8,2.0618331687999993,1.99,33.26,33.68,51.36,21.97
17,8,2.1142693802,2.08,35.37,35.76,52.12,20.97
18,8,2.0778481928000003,2.08,37.45,37.84,52.91,22.54
19,8,2.0734688695000005,2.19,39.52,40.03,53.7,23.089999999999996
20,8,2.123649998449999,1.82,41.64,41.85,54.53,22.33
21,8,2.1548956770499994,2.41,43.79,44.26,55.21,21.93
22,8,2.1687079332000008,1.93,45.96,46.19,56.12,22.099999999999998
23,8,2.2267281182499987,2.49,48.19,48.68,56.85,21.009999999999998
24,8,2.2053822367000007,2.25,50.4,50.93,57.78,22.09
25,8,2.260756967199999,2.06,52.66,52.99,58.62,21.16
26,8,2.2679697262999987,2.09,54.93,55.08,59.39,21.400000000000002
27,8,2.3147964061999993,2.16,57.24,57.24,60.17,20.62
28,8,2.2967875602000003,2.19,59.54,59.43,60.97,21.5
29,8,2.3487024381999992,2.24,61.89,61.67,61.77,20.62
30,8,2.3421892799999995,2.62,64.23,64.29,62.6,21.200000000000003
31,8,2.423096090799999,2.33,66.65,66.62,63.56,19.62
32,8,2.0752665792000005,1.82,68.73,68.44,64.42,26.6
33,8,2.1374512042,1.91,70.87,70.35,65.08,25.81
34,8,1.9853367767000005,2.05,72.86,72.4,65.78,28.089999999999996
35,8,2.1584513912000007,2.3,75.02,74.7,66.52,25.799999999999997
36,8,2.0966791687999997,2.28,77.12,76.98,67.36,26.85
37,8,2.2041679846999993,2.17,79.32,79.15,68.18,25.45
38,8,2.103341404800001,2.15,81.42,81.3,68.96,27.02
39,8,2.222786193949999,2.12,83.64,83.42,69.73,25.47
40,8,2.2437313027999997,2.5,85.88,85.92,70.49,25.299999999999997
41,8,2.2232163900499997,2.17,88.1,88.09,71.39,25.75
42,8,2.2676768128000004,2.11,90.37,90.2,72.16,25.239999999999995
43,8,2.2407154328000005,2.44,92.61,92.64,72.91,25.739999999999995
44,8,2.1824366492000005,2.47,94.79,95.11,73.78,26.639999999999993
45,8,2.3096409167500003,2.12,97.1,97.23,74.65,25.03
46,8,2.2149712269999995,2.35,99.31,99.58,75.4,26.41
47,8,2.2948959676999996,2.04,101.6,101.62,76.22,25.45
48,8,2.2774405993,1.99,103.88,103.61,76.94,25.77
49,8,2.198098961949999,2.44,106.08,106.05,77.63,26.85
50,8,2.113685795199999,1.95,108.19,108.0,78.48,27.919999999999998
51,8,2.1642626627999997,2.08,110.35,110.08,79.16,27.38
52,8,2.2200161221999997,2.02,112.57,112.1,79.88,26.77
53,8,2.0755195357,1.93,114.65,114.03,80.58,28.47
54,8,2.1344874777999996,2.32,116.78,116.35,81.24,27.85
55,8,2.1479116427999996,2.36,118.93,118.71,82.04,27.74
56,8,2.210633246749999,1.93,121.14,120.64,82.85,27.07
57,8,2.21878740455,2.46,123.36,123.1,83.51,27.009999999999998
58,8,2.3541684237499996,2.37,125.71,125.47,84.35,25.45
59,8,2.4088883467999986,2.38,128.12,127.85,85.16,24.82
60,8,2.250954589799999,2.08,130.37,129.93,85.96,26.75
61,8,2.3416414919500004,2.61,132.71,132.54,86.67,25.729999999999997
62,8,2.3388932074999995,2.39,135.05,134.93,87.55,25.799999999999997
63,8,2.258369317,2.13,137.31,137.06,88.35,26.74
64,8,2.3820744733,2.64,139.69,139.7,89.06,25.349999999999998
65,8,2.4024426538,2.35,142.09,142.05,89.94,25.14
66,8,2.4045011251999995,2.16,144.49,144.21,90.73,25.14
67,8,2.2931741667999996,2.29,146.78,146.5,91.44,26.409999999999997
68,8,2.2648348080000007,2.18,149.04,148.68,92.2,26.72
69,8,2.1887725981999995,1.97,151.23,150.65,92.92,27.509999999999998
70,8,2.1199423859499986,2.33,153.35,152.98,93.57,28.19
71,8,2.3218676152999995,2.62,155.67,155.6,94.34,26.11
72,8,2.2931267855499997,2.44,157.96,158.04,95.19,26.41
73,8,2.1606234407999994,1.88,160.12,159.92,95.99,27.740000000000002
74,8,2.0945430519999992,2.02,162.21,161.94,96.6,28.36
75,8,2.2910952627999994,2.41,164.5,164.35,97.26,26.400000000000002
76,8,2.113551149799999,2.4,166.61,166.75,98.04,28.130000000000003
77,8,2.2316509413,2.0,168.84,168.75,98.81,26.96
78,8,2.0338321382499998,2.22,170.87,170.97,99.45,28.810000000000002
79,8,2.1740996249499984,2.21,173.04,173.18,100.17,27.47
80,8,2.30971433845,2.3,175.35,175.48,100.87,26.11
81,8,2.3228882525499994,2.35,177.67,177.83,101.61,25.95
82,8,2.2471113837999996,2.23,179.92,180.06,102.36,26.669999999999998
83,8,2.2806456712999994,2.03,182.2,182.09,103.06,26.310000000000002
84,8,2.175968173299999,1.91,184.38,184.0,103.71,27.28
85,8,2.2856375982999997,2.43,186.67,186.43,104.31,26.2
86,8,2.2753043361999987,2.39,188.95,188.82,105.07,26.259999999999998
87,8,2.4053196736999993,2.43,191.36,191.25,105.82,24.93
88,8,2.3454324935499993,2.1,193.71,193.35,106.59,25.49
89,8,2.2363840028,2.31,195.95,195.66,107.24,26.5
90,8,2.340178342799998,2.47,198.29,198.13,107.96,25.46
