floor(cycle / (24 * 60)),pig.id,pig.target_dfi,pig.dfi,pig.target_cfi,pig.cfi,pig.weight,ET
0,16,1.7435117819999997,1.92,1.74,1.92,38.0,15.59
1,16,1.7700799151999997,1.84,3.51,3.76,38.72,15.59
2,16,1.7899186255499993,1.69,5.3,5.45,39.41,14.750000000000002
3,16,1.8169996627999996,2.0,7.12,7.45,40.04,15.34
4,16,1.8395101740499997,2.08,8.96,9.53,40.79,14.59
5,16,1.8730269008,1.58,10.83,11.11,41.56,16.32
6,16,1.8928191257499996,1.89,12.72,13.0,42.15,16.61
7,16,1.9174687045000003,2.15,14.64,15.15,42.85,16.24
8,16,1.9426331357499993,1.81,16.58,16.96,43.65,16.79
9,16,1.9660894280499996,1.69,18.55,18.65,44.31,16.43
10,16,1.9850551662999991,2.02,20.54,20.67,44.94,16.79
11,16,2.0045866171999998,1.8,22.54,22.47,45.68,17.35
12,16,2.0324732192999995,1.99,24.57,24.46,46.34,16.43
13,16,2.05464842995,2.29,26.62,26.75,47.07,16.61
14,16,2.0807700944999996,1.81,28.7,28.56,47.9,16.61
15,16,2.1027398267999997,2.32,30.8,30.88,48.56,16.43
16,16,2.123838582,2.06,32.92,32.94,49.4,16.939999999999998
17,16,2.1586638862499994,2.4,35.08,35.34,50.15,15.349999999999998
18,16,2.16761333655,2.37,37.25,37.71,51.01,17.27
19,16,2.206500106449999,2.3,39.46,40.01,51.87,16.07
20,16,2.2307643205499996,2.51,41.69,42.52,52.69,16.07
21,16,2.2579394267999997,2.14,43.95,44.66,53.59,15.979999999999999
22,16,2.2770654537999993,2.19,46.23,46.85,54.36,16.25
23,16,2.2864473972999995,2.12,48.52,48.97,55.14,17.11
24,16,2.3314003760499995,2.4,50.85,51.37,55.89,15.21
25,16,2.3577290988,2.12,53.21,53.49,56.74,14.959999999999999
26,16,2.36962516505,2.12,55.58,55.61,57.49,15.809999999999999
27,16,2.3835410928000003,2.44,57.96,58.05,58.24,16.25
28,16,2.4080561904999995,2.19,60.37,60.24,59.1,16.130000000000003
29,16,2.4121908698,2.35,62.78,62.59,59.86,16.98
30,16,2.4570554795499997,2.31,65.24,64.9,60.69,15.629999999999997
31,16,2.461463835799999,2.33,67.7,67.23,61.49,16.54
32,16,2.516325762,2.73,70.22,69.96,62.3,14.239999999999998
33,16,2.52652596425,2.4,72.75,72.36,63.25,15.329999999999995
34,16,2.5628042991999997,2.53,75.31,74.89,64.08,14.199999999999996
35,16,2.565381605499999,2.48,77.88,77.37,64.95,15.479999999999997
36,16,2.6107870169999994,2.84,80.49,80.21,65.8,13.789999999999996
37,16,2.5930836966999995,2.31,83.08,82.52,66.78,16.189999999999998
38,16,2.6274268141999997,2.42,85.71,84.94,67.57,15.419999999999995
39,16,2.6271517493000003,2.37,88.34,87.31,68.39,16.239999999999995
40,16,2.680552832,2.61,91.02,89.92,69.2,14.559999999999992
41,16,2.6954797792000003,2.69,93.72,92.61,70.08,14.809999999999995
42,16,2.7254347403,2.9,96.45,95.51,70.99,14.280000000000001
43,16,2.7418367847999994,2.86,99.19,98.37,71.96,14.519999999999998
44,16,2.7305028591999996,2.61,101.92,100.98,72.92,15.84
45,16,2.7264461919999996,2.92,104.65,103.9,73.8,16.560000000000002
46,16,2.752913102699999,2.64,107.4,106.54,74.77,16.28
47,16,2.8044564917500003,2.55,110.2,109.09,75.65,15.029999999999996
48,16,2.8035568265499986,2.79,113.0,111.88,76.49,15.629999999999999
49,16,2.7742116210499983,2.87,115.77,114.75,77.41,17.009999999999998
50,16,2.8029282448,2.88,118.57,117.63,78.36,16.64
51,16,2.8034285204999994,2.66,121.37,120.29,79.3,17.029999999999998
52,16,2.8843250732,2.99,124.25,123.28,80.17,15.060000000000002
53,16,2.8752841113,3.09,127.13,126.37,81.14,15.829999999999998
54,16,2.887553680499998,2.91,130.02,129.28,82.15,15.920000000000002
55,16,2.9587523605499997,3.19,132.98,132.47,83.09,14.149999999999999
56,16,2.9891527281999997,2.75,135.97,135.22,84.12,13.649999999999999
57,16,2.944198446999999,2.83,138.91,138.05,85.0,15.489999999999998
58,16,2.9449939143,2.66,141.85,140.71,85.91,15.799999999999999
59,16,2.9407038529999996,2.92,144.79,143.63,86.75,16.18
60,16,2.9735742671999987,3.21,147.76,146.84,87.68,15.649999999999999
61,16,2.9779045324999998,2.76,150.74,149.6,88.7,15.850000000000001
62,16,3.0015809416999994,3.17,153.74,152.77,89.57,15.52
63,16,3.04650879295,2.84,156.79,155.61,90.57,14.669999999999998
64,16,3.012496002799999,2.78,159.8,158.39,91.46,15.760000000000002
65,16,3.006674789449999,2.83,162.81,161.22,92.33,16.09
66,16,3.0215399885499994,2.88,165.83,164.1,93.21,15.95
67,16,3.0011408000499995,2.81,168.83,166.91,94.11,16.550000000000004
68,16,2.9560255536999995,3.12,171.79,170.03,94.98,17.55
69,16,3.0353620467999995,3.07,174.83,173.1,95.94,16.16
70,16,2.989263175199999,3.04,177.82,176.14,96.88,17.18
71,16,3.0828470843,3.09,180.9,179.23,97.81,15.48
72,16,3.152050918249999,2.97,184.05,182.2,98.75,14.110000000000003
73,16,3.1722285372999988,3.25,187.22,185.45,99.66,13.810000000000002
74,16,3.0564650047999993,3.13,190.28,188.58,100.64,16.360000000000003
75,16,3.1035440265499994,3.39,193.38,191.97,101.59,15.57
76,16,3.071202312999999,2.97,196.45,194.94,102.6,16.269999999999996
77,16,3.1511060282999983,3.35,199.6,198.29,103.49,14.84
78,16,3.1683279702999996,3.2,202.77,201.49,104.49,14.600000000000001
79,16,3.1729742207999982,3.22,205.94,204.71,105.44,14.600000000000001
80,16,3.216440612,3.15,209.16,207.86,106.4,13.810000000000002
