floor(cycle / (24 * 60)),pig.id,pig.target_dfi,pig.dfi,pig.target_cfi,pig.cfi,pig.weight,ET
0,5,1.6683677319999997,1.75,1.67,1.75,36.0,15.59
1,5,1.6952700970499996,1.95,3.37,3.7,36.71,15.59
2,5,1.7180809375000003,2.01,5.09,5.71,37.5,14.750000000000002
3,5,1.7534685268,1.49,6.84,7.2,38.31,15.34
4,5,1.7698249190499993,1.9,8.61,9.1,38.91,14.59
5,5,1.8066361336999999,1.72,10.42,10.82,39.67,16.32
6,5,1.8309755117999997,1.85,12.25,12.67,40.36,16.61
7,5,1.8570451420000005,1.99,14.11,14.66,41.1,16.24
8,5,1.8837698294999996,2.05,15.99,16.71,41.9,16.79
9,5,1.9123326520499992,1.63,17.9,18.34,42.71,16.43
10,5,1.9329832247999996,1.81,19.83,20.15,43.36,16.79
11,5,1.9532411691999996,1.92,21.78,22.07,44.08,17.35
12,5,1.9836175217999996,1.95,23.76,24.02,44.84,16.43
13,5,2.0078736580499994,1.75,25.77,25.77,45.61,16.61
14,5,2.0301107744999993,2.14,27.8,27.91,46.3,16.61
15,5,2.0580751112999995,2.04,29.86,29.95,47.14,16.43
16,5,2.079179123799999,1.96,31.94,31.91,47.94,16.939999999999998
17,5,2.1127704075,2.08,34.05,33.99,48.7,15.349999999999998
18,5,2.1233552590499993,2.03,36.17,36.02,49.51,17.27
19,5,2.159116195499999,1.86,38.33,37.88,50.3,16.07
20,5,2.1809975607,1.9,40.51,39.78,51.02,16.07
21,5,2.2039972487999995,2.01,42.71,41.79,51.76,15.979999999999999
22,5,2.22426529645,2.51,44.93,44.3,52.53,16.25
23,5,2.2411109994999996,2.43,47.17,46.73,53.5,17.11
24,5,2.28914223095,2.55,49.46,49.28,54.43,15.21
25,5,2.3195347572999996,2.29,51.78,51.57,55.41,14.959999999999999
26,5,2.3362893201999992,2.38,54.12,53.95,56.28,15.809999999999999
27,5,2.3551907196999995,2.52,56.48,56.47,57.18,16.25
28,5,2.382707971299999,2.37,58.86,58.84,58.14,16.130000000000003
29,5,2.3912502021999993,2.64,61.25,61.48,59.03,16.98
30,5,2.4398980634499994,2.56,63.69,64.04,60.03,15.629999999999997
31,5,2.4490937907999992,2.47,66.14,66.51,60.99,16.54
32,5,2.5060342352999996,2.59,68.65,69.1,61.91,14.239999999999998
33,5,2.5173016552,2.26,71.17,71.36,62.88,15.329999999999995
34,5,2.553610655199999,2.34,73.72,73.7,63.72,14.199999999999996
35,5,2.5567585543,2.4,76.28,76.1,64.59,15.479999999999997
36,5,2.602771540199999,2.6,78.88,78.7,65.48,13.789999999999996
37,5,2.5852417174499998,2.83,81.47,81.53,66.43,16.189999999999998
38,5,2.6251619571999996,2.84,84.1,84.37,67.47,15.419999999999995
39,5,2.6297256413,2.77,86.73,87.14,68.51,16.239999999999995
40,5,2.6877578751999995,2.64,89.42,89.78,69.52,14.559999999999992
41,5,2.7042140411999998,2.56,92.12,92.34,70.48,14.809999999999995
42,5,2.734615730299999,2.97,94.85,95.31,71.41,14.280000000000001
43,5,2.7528290751999998,2.5,97.6,97.81,72.48,14.519999999999998
44,5,2.7394674771999994,2.94,100.34,100.75,73.38,15.84
45,5,2.7381961568,2.89,103.08,103.64,74.44,16.560000000000002
46,5,2.765595716699999,2.82,105.85,106.46,75.47,16.28
47,5,2.8200433232000006,3.0,108.67,109.46,76.48,15.029999999999996
48,5,2.8222137673,2.96,111.49,112.42,77.54,15.629999999999999
49,5,2.79313466155,3.01,114.28,115.43,78.59,17.009999999999998
50,5,2.8234056145,2.98,117.1,118.41,79.65,16.64
51,5,2.8243242445499996,2.69,119.92,121.1,80.69,17.029999999999998
52,5,2.9082161481999984,2.95,122.83,124.05,81.63,15.060000000000002
53,5,2.898349845299999,2.94,125.73,126.99,82.66,15.829999999999998
54,5,2.9098797311999993,3.01,128.64,130.0,83.68,15.920000000000002
55,5,2.9843442651999994,3.07,131.62,133.07,84.72,14.149999999999999
56,5,3.0151077826999995,3.1,134.64,136.17,85.78,13.649999999999999
57,5,2.9690307097999997,3.02,137.61,139.19,86.84,15.489999999999998
58,5,2.970080623199999,2.91,140.58,142.1,87.88,15.799999999999999
59,5,2.966015402199999,3.01,143.55,145.11,88.87,16.18
60,5,2.9999530150499996,3.21,146.55,148.32,89.89,15.649999999999999
61,5,3.00341226145,2.9,149.55,151.22,90.97,15.850000000000001
62,5,3.0279460105000005,3.01,152.58,154.23,91.95,15.52
63,5,3.073631504799999,3.26,155.65,157.49,92.96,14.669999999999998
64,5,3.038073884499999,2.9,158.69,160.39,94.05,15.760000000000002
65,5,3.031131920049999,3.09,161.72,163.48,95.01,16.09
66,5,3.0463884497999993,3.3,164.77,166.78,96.04,15.95
67,5,3.024537781949999,3.28,167.79,170.06,97.13,16.550000000000004
68,5,2.9765786735500006,2.68,170.77,172.74,98.21,17.55
69,5,3.0579260952999987,3.17,173.83,175.91,99.09,16.16
70,5,3.0079127772,2.76,176.84,178.67,100.12,17.18
71,5,3.1047979951999993,3.35,179.94,182.02,101.02,15.48
72,5,3.1774972230499983,2.99,183.12,185.01,102.11,14.110000000000003
73,5,3.1974017199499998,3.0,186.32,188.01,103.07,13.810000000000002
74,5,3.0721020807999992,3.16,189.39,191.17,104.04,16.360000000000003
75,5,3.120248889249999,2.9,192.51,194.07,105.05,15.57
76,5,3.083765992699999,3.04,195.59,197.11,105.98,16.269999999999996
77,5,3.1668059087999993,2.96,198.76,200.07,106.94,14.84
78,5,3.1828646631999997,3.32,201.94,203.39,107.88,14.600000000000001
79,5,3.186215664699999,3.45,205.13,206.84,108.93,14.600000000000001
80,5,3.230892182049999,3.08,208.36,209.92,110.01,13.810000000000002
