floor(cycle / (24 * 60)),pig.id,pig.target_dfi,pig.dfi,pig.target_cfi,pig.cfi,pig.weight,ET
0,15,1.8550424280000002,2.13,1.86,2.13,43.0,21.32
1,15,1.8793047307,1.92,3.74,4.05,43.83,21.32
2,15,1.8667240041999995,2.09,5.61,6.14,44.58,22.5
3,15,1.8772864775499998,1.67,7.49,7.81,45.39,22.85
4,15,1.9120249897999997,1.82,9.4,9.63,46.04,22.33
5,15,1.9413709657499996,1.68,11.34,11.31,46.75,22.009999999999998
6,15,1.875262341999999,1.88,13.22,13.19,47.4,24.259999999999998
7,15,1.9581441382,1.7,15.18,14.89,48.12,22.589999999999996
8,15,1.9626974406999993,2.03,17.14,16.92,48.77,22.919999999999998
9,15,1.9915366942499997,2.0,19.13,18.92,49.55,22.669999999999998
10,15,2.058226657199999,2.11,21.19,21.03,50.32,21.29
11,15,2.0395983351999996,1.97,23.23,23.0,51.12,22.419999999999998
12,15,2.0191095521999998,2.21,25.25,25.21,51.88,23.39
13,15,2.0261645371999997,2.13,27.28,27.34,52.72,23.67
14,15,2.1265068052,2.13,29.41,29.47,53.52,21.63
15,15,2.1288586536999996,2.36,31.54,31.83,54.33,22.08
16,15,2.1356202121999996,2.19,33.68,34.02,55.22,22.419999999999998
17,15,2.1293403778000006,2.09,35.81,36.11,56.04,22.989999999999995
18,15,2.106775072449999,2.22,37.92,38.33,56.83,23.829999999999995
19,15,2.1313567243000007,2.35,40.05,40.68,57.66,23.67
20,15,2.21101541845,2.15,42.26,42.83,58.53,22.33
21,15,2.1916611729499986,1.91,44.45,44.74,59.33,23.11
22,15,2.2165776048,2.32,46.67,47.06,60.04,22.88
23,15,2.1938028805000003,2.31,48.86,49.37,60.9,23.67
24,15,2.2093266642500002,2.42,51.07,51.79,61.75,23.67
25,15,2.3042097088000006,2.59,53.37,54.38,62.64,22.080000000000002
26,15,2.256872782,2.54,55.63,56.92,63.6,23.39
27,15,2.3295041351999997,2.59,57.96,59.51,64.52,22.28
28,15,2.2966702827000005,2.58,60.26,62.09,65.47,23.24
29,15,2.384737451549999,2.19,62.64,64.28,66.41,21.83
30,15,2.356062472,2.32,65.0,66.6,67.2,22.66
31,15,2.3131097457999994,2.03,67.31,68.63,68.04,23.67
32,15,2.2531958031999997,1.97,69.56,70.6,68.77,24.82
33,15,2.1908133502,1.92,71.75,72.52,69.48,25.89
34,15,2.1849966854499994,2.18,73.93,74.7,70.17,26.090000000000003
35,15,2.145564051249999,2.15,76.08,76.85,70.95,26.750000000000004
36,15,2.117663217199999,2.4,78.2,79.25,71.72,27.220000000000006
37,15,2.10456791845,1.83,80.3,81.08,72.57,27.490000000000006
38,15,2.245445247199999,2.32,82.55,83.4,73.22,25.720000000000006
39,15,2.152946501249999,1.88,84.7,85.28,74.05,27.050000000000008
40,15,2.1265162035500005,2.1,86.83,87.38,74.71,27.45
41,15,2.1479979369999995,1.97,88.98,89.35,75.45,27.26
42,15,2.1377937913,1.99,91.12,91.34,76.14,27.45
43,15,2.073920322799999,2.14,93.19,93.48,76.84,28.26
44,15,2.070708558049999,1.8,95.26,95.28,77.59,28.35
45,15,2.1439099026999995,2.03,97.4,97.31,78.22,27.55
46,15,2.1380220449499996,2.13,99.54,99.44,78.93,27.67
47,15,2.174145524199999,1.88,101.71,101.32,79.67,27.299999999999997
48,15,2.1881586511999993,2.4,103.9,103.72,80.32,27.18
49,15,2.21917920925,2.46,106.12,106.18,81.15,26.87
50,15,2.297115922000001,2.04,108.42,108.22,82.0,25.99
51,15,2.0875070954999986,2.2,110.51,110.42,82.7,28.43
52,15,2.1938982082499994,2.06,112.7,112.48,83.45,27.29
53,15,2.1302957168,2.41,114.83,114.89,84.16,28.019999999999996
54,15,2.1905202277000004,2.4,117.02,117.29,84.98,27.389999999999993
55,15,2.124271003,1.98,119.14,119.27,85.8,28.13
56,15,2.13509233045,2.12,121.28,121.39,86.47,28.029999999999998
57,15,2.30581099555,2.32,123.59,123.71,87.19,26.169999999999998
58,15,2.270994893950001,2.34,125.86,126.05,87.97,26.589999999999996
59,15,2.1187177438000004,1.83,127.98,127.88,88.76,28.229999999999997
60,15,2.1751982144499986,2.21,130.16,130.09,89.37,27.650000000000002
61,15,2.2156938910499995,1.94,132.38,132.03,90.11,27.229999999999997
62,15,2.3321211077999995,2.28,134.71,134.31,90.76,25.969999999999995
63,15,2.2812632111999993,2.54,136.99,136.85,91.52,26.54
64,15,2.3332168947999996,2.34,139.32,139.19,92.36,25.979999999999997
65,15,2.1934944097999995,2.18,141.51,141.37,93.14,27.459999999999997
66,15,2.3182214012999998,2.33,143.83,143.7,93.86,26.15
67,15,2.3523205702000003,2.59,146.18,146.29,94.63,25.779999999999994
68,15,2.1404330261999998,2.0,148.32,148.29,95.48,27.949999999999996
69,15,2.2306177896999992,1.96,150.55,150.25,96.13,27.039999999999996
70,15,2.1870410902,2.46,152.74,152.71,96.78,27.459999999999994
71,15,2.1898464117,2.21,154.93,154.92,97.58,27.409999999999993
72,15,2.2322254405000006,2.5,157.16,157.42,98.3,26.96999999999999
73,15,2.2347073762999994,2.03,159.39,159.45,99.11,26.919999999999995
74,15,2.1465041227999997,2.22,161.54,161.67,99.76,27.749999999999993
75,15,2.3228301952000003,2.38,163.86,164.05,100.48,25.98999999999999
76,15,2.2571689388,2.1,166.12,166.15,101.24,26.619999999999994
77,15,2.2378415231999993,2.06,168.36,168.21,101.92,26.78
78,15,2.1115191681999983,2.15,170.47,170.36,102.58,27.94
79,15,2.105155220799999,1.89,172.58,172.25,103.26,27.96
80,15,2.1878774967999983,2.17,174.77,174.42,103.86,27.160000000000004
81,15,2.2997127137499995,2.23,177.07,176.65,104.55,26.049999999999997
82,15,2.129112187799999,1.99,179.2,178.64,105.26,27.619999999999997
83,15,2.1899976497999987,2.33,181.39,180.97,105.89,27.02
84,15,2.2929994732,2.46,183.68,183.43,106.62,26.0
85,15,2.2921711719999984,2.24,185.97,185.67,107.4,25.96
86,15,2.2642913129999984,2.27,188.23,187.94,108.1,26.180000000000003
87,15,2.1370558407999987,2.2,190.37,190.14,108.81,27.300000000000004
88,15,2.147953371549999,2.38,192.52,192.52,109.49,27.150000000000002
89,15,2.0973215701999997,2.21,194.62,194.73,110.23,27.540000000000003
90,15,2.1875420631999987,2.38,196.81,197.11,110.92,26.68
