floor(cycle / (24 * 60)),pig.id,pig.target_dfi,pig.dfi,pig.target_cfi,pig.cfi,pig.weight,ET
0,16,1.764509328,1.9,1.76,1.9,40.0,21.32
1,16,1.7860313879999998,1.66,3.55,3.56,40.7,21.32
2,16,1.7741515771999994,2.05,5.32,5.61,41.32,22.5
3,16,1.78533823095,1.63,7.11,7.24,42.07,22.85
4,16,1.8181509269499998,2.07,8.93,9.31,42.67,22.33
5,16,1.84913633595,1.65,10.78,10.96,43.43,22.009999999999998
6,16,1.7895223301999994,1.59,12.57,12.55,44.03,24.259999999999998
7,16,1.86467910355,2.02,14.43,14.57,44.61,22.589999999999996
8,16,1.8738216955000002,2.08,16.3,16.65,45.35,22.919999999999998
9,16,1.90267356505,2.01,18.2,18.66,46.11,22.669999999999998
10,16,1.9652854098,1.98,20.17,20.64,46.84,21.29
11,16,1.949225713,2.19,22.12,22.83,47.55,22.419999999999998
12,16,1.9339506572999996,1.79,24.05,24.62,48.34,23.39
13,16,1.9387502900499998,2.17,25.99,26.79,48.99,23.67
14,16,2.03318319895,2.03,28.02,28.82,49.77,21.63
15,16,2.0365564579999997,2.25,30.06,31.07,50.5,22.08
16,16,2.0439882129999996,2.34,32.1,33.41,51.3,22.419999999999998
17,16,2.0415470559500006,2.03,34.14,35.44,52.13,22.989999999999995
18,16,2.0221346923000003,2.14,36.16,37.58,52.86,23.829999999999995
19,16,2.0462271977,2.34,38.21,39.92,53.62,23.67
20,16,2.121593355799999,1.87,40.33,41.79,54.44,22.33
21,16,2.1036813394999996,1.91,42.43,43.7,55.1,23.11
22,16,2.1285521171999995,2.42,44.56,46.12,55.78,22.88
23,16,2.11041868345,2.24,46.67,48.36,56.63,23.67
24,16,2.126322840549999,1.83,48.8,50.19,57.41,23.67
25,16,2.2115726305,2.18,51.01,52.37,58.05,22.080000000000002
26,16,2.16789731055,2.36,53.18,54.73,58.81,23.39
27,16,2.2358740826999997,2.23,55.42,56.96,59.63,22.28
28,16,2.2061403119999996,2.43,57.63,59.39,60.4,23.24
29,16,2.2881159678,2.46,59.92,61.85,61.24,21.83
30,16,2.2664600528,2.52,62.19,64.37,62.09,22.66
31,16,2.2308095548000004,2.44,64.42,66.81,62.96,23.67
32,16,2.1796032057999994,2.43,66.6,69.24,63.79,24.82
33,16,2.1255358956999997,2.06,68.73,71.3,64.62,25.89
34,16,2.12253515445,2.2,70.85,73.5,65.33,26.090000000000003
35,16,2.0873252284499997,1.98,72.94,75.48,66.07,26.750000000000004
36,16,2.062238472999999,1.77,75.0,77.25,66.75,27.220000000000006
37,16,2.0493783172999995,2.29,77.05,79.54,67.34,27.490000000000006
38,16,2.1852819751999992,2.16,79.24,81.7,68.12,25.720000000000006
39,16,2.099733931799999,2.24,81.34,83.94,68.84,27.050000000000008
40,16,2.07796198,2.0,83.42,85.94,69.6,27.45
41,16,2.0996943852,1.85,85.52,87.79,70.27,27.26
42,16,2.091436475050001,2.13,87.61,89.92,70.89,27.45
43,16,2.033306811999999,1.8,89.64,91.72,71.6,28.26
44,16,2.031080847049999,2.29,91.67,94.01,72.19,28.35
45,16,2.1032406012499996,1.87,93.77,95.88,72.95,27.55
46,16,2.0989995029500004,1.96,95.87,97.84,73.57,27.67
47,16,2.1345190101999996,2.43,98.0,100.27,74.22,27.299999999999997
48,16,2.1509469802,1.86,100.15,102.13,75.02,27.18
49,16,2.1808418984499993,2.13,102.33,104.26,75.63,26.87
50,16,2.2554044819499994,2.23,104.59,106.49,76.33,25.99
51,16,2.0604282992999994,2.3,106.65,108.79,77.06,28.43
52,16,2.16310631805,1.92,108.81,110.71,77.81,27.29
53,16,2.1046698962,2.18,110.91,112.89,78.43,28.019999999999996
54,16,2.1632889793,2.44,113.07,115.33,79.14,27.389999999999993
55,16,2.1031544704499994,1.91,115.17,117.24,79.93,28.13
56,16,2.11514793925,2.03,117.29,119.27,80.55,28.029999999999998
57,16,2.2776026179999995,2.49,119.57,121.76,81.2,26.169999999999998
58,16,2.2474734820000006,2.33,121.82,124.09,82.0,26.589999999999996
59,16,2.1061845553000005,1.94,123.93,126.03,82.74,28.229999999999997
60,16,2.161365808799999,1.91,126.09,127.94,83.36,27.650000000000002
61,16,2.201282297949999,2.24,128.29,130.18,83.97,27.229999999999997
62,16,2.3129788661999995,2.16,130.6,132.34,84.68,25.969999999999995
63,16,2.2672669181999994,2.0,132.87,134.34,85.37,26.54
64,16,2.3178375879999993,2.16,135.19,136.5,86.0,25.979999999999997
65,16,2.1888315171999997,2.18,137.38,138.68,86.68,27.459999999999997
66,16,2.3081241619499995,2.49,139.69,141.17,87.37,26.15
67,16,2.3425559230000004,2.34,142.03,143.51,88.15,25.779999999999994
68,16,2.1459888731999994,2.13,144.18,145.64,88.88,27.949999999999996
69,16,2.2328981544999986,2.33,146.41,147.97,89.55,27.039999999999996
70,16,2.1939677301999994,2.37,148.6,150.34,90.27,27.459999999999994
71,16,2.1990395170500006,2.41,150.8,152.75,91.01,27.409999999999993
72,16,2.2411516167500003,2.42,153.04,155.17,91.75,26.96999999999999
73,16,2.2459640079999996,2.32,155.29,157.49,92.5,26.919999999999995
74,16,2.1647652935500004,1.92,157.45,159.41,93.21,27.749999999999993
75,16,2.3330047370000004,2.47,159.78,161.88,93.8,25.98999999999999
76,16,2.2736495008000013,2.21,162.05,164.09,94.56,26.619999999999994
77,16,2.257543573199999,2.45,164.31,166.54,95.23,26.78
78,16,2.1401642902,1.92,166.45,168.46,95.98,27.94
79,16,2.1364404688,2.18,168.59,170.64,96.56,27.96
80,16,2.2161549991999987,2.34,170.81,172.98,97.22,27.160000000000004
81,16,2.3235624884499995,2.3,173.13,175.28,97.93,26.049999999999997
82,16,2.1647385101999994,2.21,175.29,177.49,98.62,27.619999999999997
83,16,2.2239547157999997,2.43,177.51,179.92,99.29,27.02
84,16,2.3232905252999996,2.57,179.83,182.49,100.01,26.0
85,16,2.3248035351999987,2.44,182.15,184.93,100.78,25.96
86,16,2.3004118937999984,2.41,184.45,187.34,101.51,26.180000000000003
87,16,2.1820967961999993,2.37,186.63,189.71,102.23,27.300000000000004
88,16,2.1942054059499987,2.24,188.82,191.95,102.93,27.150000000000002
89,16,2.1487708797999994,2.43,190.97,194.38,103.59,27.540000000000003
90,16,2.2359874879999997,1.96,193.21,196.34,104.3,26.68
