floor(cycle / (24 * 60)),pig.id,pig.target_dfi,pig.dfi,pig.target_cfi,pig.cfi,pig.weight,ET
0,9,1.829495413177803,1.73,1.83,1.73,39.71,21.32
1,9,1.689547161659118,1.58,3.52,3.31,40.42,26.34096358203372
2,9,1.6274578427776742,1.86,5.15,5.17,41.07,27.770963582033716
3,9,1.7289188614137134,1.48,6.88,6.65,41.83,26.040963582033715
4,9,1.6008782774369343,1.68,8.48,8.33,42.44,28.620963582033717
5,9,1.6192340818882116,1.75,10.1,10.08,43.12,28.490963582033718
6,9,1.691916944429439,1.88,11.79,11.96,43.84,27.420963582033718
7,9,1.6238560339165506,1.85,13.41,13.81,44.6,28.78096358203372
8,9,1.6562902141931746,1.81,15.07,15.62,45.35,28.43096358203372
9,9,1.6298127302366008,1.43,16.7,17.05,46.08,29.020963582033716
10,9,1.5451677809509217,1.66,18.25,18.71,46.66,30.390963582033717
11,9,1.6402897629064357,1.7,19.89,20.41,47.33,29.120963582033717
12,9,1.5641595056674296,1.6,21.45,22.01,48.01,30.36096358203372
13,9,1.6994239816128163,1.57,23.15,23.58,48.65,28.47096358203372
14,9,1.722089227812602,1.43,24.87,25.01,49.28,28.240963582033718
15,9,1.7523625256234276,1.69,26.62,26.7,49.85,27.870963582033717
16,9,1.6158616363352611,1.54,28.24,28.24,50.52,30.05096358203372
17,9,1.6585971175535632,1.42,29.9,29.66,51.14,29.550963582033717
18,9,1.7024732092869,1.56,31.6,31.22,51.7,29.060963582033718
19,9,1.735347226373476,1.87,33.34,33.09,52.32,28.740963582033718
20,9,1.6698410882390529,1.87,35.01,34.96,53.06,29.860963582033715
21,9,1.758043815166578,1.64,36.77,36.6,53.79,28.79096358203372
22,9,1.7268438532948236,1.89,38.5,38.49,54.44,29.390963582033717
23,9,1.725029425319089,1.65,40.23,40.14,55.18,29.580963582033718
24,9,1.779670168107563,1.87,42.01,42.01,55.83,28.97096358203372
25,9,1.7710203418240882,1.89,43.78,43.9,56.56,29.250963582033716
26,9,1.8670206307737027,1.58,45.65,45.48,57.29,28.060963582033718
27,9,1.8093519101140059,1.9,47.46,47.38,57.91,29.010963582033718
28,9,1.8305893066828425,1.69,49.29,49.07,58.64,28.870963582033717
29,9,1.8395725119858635,1.83,51.13,50.9,59.3,28.88096358203372
30,9,1.7758334390662025,1.48,52.91,52.38,60.0,29.84096358203372
31,9,1.8866519966365145,2.13,54.8,54.51,60.57,28.49096358203372
32,9,1.9267806675219192,1.8,56.73,56.31,61.39,28.10096358203372
33,9,1.9752479555996967,1.92,58.71,58.23,62.08,27.56096358203372
34,9,1.914521339455384,1.73,60.62,59.96,62.82,28.530963582033724
35,9,1.9314436653304938,1.69,62.55,61.65,63.48,28.420963582033725
36,9,1.9941025593373851,1.96,64.54,63.61,64.12,27.690963582033724
37,9,1.9136851190669175,2.07,66.45,65.68,64.86,28.870963582033724
38,9,1.9920433793583427,2.02,68.44,67.7,65.65,27.980963582033723
39,9,1.8997004610018104,2.18,70.34,69.88,66.41,29.26096358203372
40,9,1.9556597872846888,1.87,72.3,71.75,67.23,28.680963582033723
41,9,1.9967088804940507,1.88,74.3,73.63,67.93,28.260963582033725
42,9,2.0303348946530173,2.23,76.33,75.86,68.64,27.93096358203372
43,9,2.0248541685996715,2.14,78.35,78.0,69.47,28.110963582033722
44,9,1.9535436987167334,2.13,80.3,80.13,70.27,29.070963582033723
45,9,1.999344269766506,2.2,82.3,82.33,71.06,28.610963582033722
46,9,2.060312759624771,2.28,84.36,84.61,71.88,27.96096358203372
47,9,1.9670597023516827,1.79,86.33,86.4,72.72,29.15096358203372
48,9,1.9781750059694296,1.86,88.31,88.26,73.38,29.08096358203372
49,9,2.0137347165960606,1.84,90.32,90.1,74.06,28.73096358203372
50,9,2.039480198789945,1.92,92.36,92.02,74.74,28.49096358203372
51,9,2.147026499146565,2.13,94.51,94.15,75.44,27.270963582033723
52,9,2.092930153100459,2.01,96.6,96.16,76.22,27.99096358203372
53,9,1.9461684903199412,1.67,98.55,97.83,76.95,29.680963582033723
54,9,1.957658466598009,2.0,100.51,99.83,77.56,29.59096358203372
55,9,1.9055202343806399,1.64,102.42,101.47,78.28,30.17096358203372
56,9,1.9185157676300453,1.92,104.34,103.39,78.87,30.06096358203372
57,9,2.018353028996178,2.13,106.36,105.52,79.56,29.040963582033722
58,9,2.0384062176870668,2.21,108.4,107.73,80.33,28.860963582033722
59,9,2.094211434219589,2.24,110.49,109.97,81.12,28.29096358203372
60,9,2.079982323665887,1.79,112.57,111.76,81.92,28.48096358203372
61,9,2.013969381068369,2.3,114.58,114.06,82.56,29.200963582033722
62,9,1.9748340539171751,1.89,116.55,115.95,83.38,29.620963582033724
63,9,2.00382013636475,1.97,118.55,117.92,84.05,29.340963582033723
64,9,1.9396435778146512,2.17,120.49,120.09,84.75,29.99096358203372
65,9,1.963769917548573,2.0,122.45,122.09,85.51,29.76096358203372
66,9,2.038734640520509,2.08,124.49,124.17,86.22,29.020963582033723
67,9,1.9768665994999999,2.2,126.47,126.37,86.95,29.639999999999997
68,9,1.9912868451999983,2.07,128.46,128.44,87.72,29.5
69,9,2.106781715799999,2.27,130.57,130.71,88.44,28.35
70,9,1.903936007699999,2.06,132.47,132.77,89.23,30.32
71,9,1.9081381693000001,1.88,134.38,134.65,89.94,30.27
72,9,1.9996348543000007,1.9,136.38,136.55,90.59,29.4
73,9,1.8656984117499988,1.84,138.25,138.39,91.25,30.630000000000003
74,9,2.1030433252000003,2.16,140.35,140.55,91.88,28.380000000000003
75,9,2.1122700671999985,2.4,142.46,142.95,92.62,28.28
76,9,2.044666655500001,1.92,144.5,144.87,93.45,28.919999999999998
77,9,2.0493691270000003,2.35,146.55,147.22,94.1,28.86
78,9,2.1901940204999994,2.23,148.74,149.45,94.9,27.47
79,9,2.0037865728,2.2,150.74,151.65,95.66,29.24
80,9,2.1317433419999996,2.2,152.87,153.85,96.4,28.009999999999998
81,9,2.090483018,2.12,154.96,155.97,97.15,28.38
82,9,1.9733178972999996,2.21,156.93,158.18,97.86,29.43
83,9,2.134523897,1.94,159.06,160.12,98.6,27.91
84,9,2.2118659619999987,1.96,161.27,162.08,99.25,27.14
85,9,2.257181778049999,2.07,163.53,164.15,99.91,26.669999999999998
86,9,2.19103402855,2.21,165.72,166.36,100.59,27.289999999999996
87,9,2.19182832545,2.43,167.91,168.79,101.33,27.249999999999996
88,9,2.0538303184500006,2.05,169.96,170.84,102.13,28.489999999999995
89,9,2.089332548050001,1.97,172.05,172.81,102.81,28.129999999999995
90,9,2.0055610207999996,1.87,174.06,174.68,103.46,28.839999999999996
