floor(cycle / (24 * 60)),pig.id,pig.target_dfi,pig.dfi,pig.target_cfi,pig.cfi,pig.weight,ET
0,12,1.7784460159999997,1.97,1.78,1.97,37.62,21.32
1,12,1.6596407552122565,1.71,3.44,3.68,38.38,25.765549348838753
2,12,1.6581378308082981,1.48,5.1,5.16,39.04,26.22554934883875
3,12,1.6118172333741256,1.86,6.71,7.02,39.61,27.48554934883875
4,12,1.720384387929011,1.63,8.43,8.65,40.32,25.63
5,12,1.7250607222394632,1.46,10.16,10.11,40.94,25.78
6,12,1.7145892120601833,1.73,11.87,11.84,41.5,26.22
7,12,1.7154005445689609,1.65,13.59,13.49,42.16,26.439999999999998
8,12,1.7789295963470422,1.89,15.37,15.38,42.79,25.32
9,12,1.6773217369351119,1.91,17.05,17.29,43.51,27.590000000000003
10,12,1.783053613832061,2.02,18.83,19.31,44.23,25.770000000000003
11,12,1.7307866926962427,1.92,20.56,21.23,44.99,27.04
12,12,1.749112312554231,1.58,22.31,22.81,45.72,26.91
13,12,1.7008344476161932,1.58,24.01,24.39,46.31,27.919999999999998
14,12,1.6936774320670729,1.8,25.7,26.19,46.9,28.179999999999996
15,12,1.7846551490020526,1.68,27.48,27.87,47.58,26.770000000000003
16,12,1.7678981506256322,1.92,29.25,29.79,48.2,27.23
17,12,1.8094703673324253,1.84,31.06,31.63,48.92,26.67
18,12,1.8130277833863504,1.88,32.87,33.51,49.61,26.78
19,12,1.8375347962715147,1.69,34.71,35.2,50.3,26.51
20,12,1.8354397107697262,1.58,36.55,36.78,50.93,26.700000000000003
21,12,1.7640188990499992,1.94,38.31,38.72,51.51,28.070000000000007
22,12,1.8685224539499994,1.93,40.18,40.65,52.23,26.570000000000004
23,12,1.8024443612999999,1.69,41.98,42.34,52.94,27.890000000000004
24,12,1.9206648407999998,2.04,43.9,44.38,53.56,26.120000000000005
25,12,1.9187283275499987,2.14,45.82,46.52,54.31,26.410000000000007
26,12,1.9687381942999995,1.75,47.79,48.27,55.09,25.800000000000004
27,12,1.9389926226999985,2.24,49.73,50.51,55.73,26.520000000000003
28,12,1.9439914447999995,2.21,51.67,52.72,56.54,26.680000000000007
29,12,1.9743727829999993,1.99,53.64,54.71,57.35,26.420000000000005
30,12,1.9022377449499988,1.69,55.54,56.4,58.07,27.730000000000008
31,12,1.9944168861999994,1.95,57.53,58.35,58.68,26.47000000000001
32,12,2.069429237699999,2.25,59.6,60.6,59.38,25.43
33,12,1.9165229833000004,1.63,61.52,62.23,60.19,27.999999999999996
34,12,2.06554155745,1.89,63.59,64.12,60.77,25.89
35,12,1.9848877582500004,1.73,65.57,65.85,61.45,27.290000000000003
36,12,2.0643145896999995,2.19,67.63,68.04,62.07,26.240000000000002
37,12,2.082165373749999,2.21,69.71,70.25,62.85,26.15
38,12,2.1292733857000004,2.27,71.84,72.52,63.63,25.599999999999998
39,12,2.1170197708000003,2.26,73.96,74.78,64.44,25.979999999999997
40,12,2.128573442799999,2.23,76.09,77.01,65.24,25.979999999999997
41,12,2.1548006837000004,2.21,78.24,79.22,66.02,25.75
42,12,2.0495961200000004,2.18,80.29,81.4,66.8,27.4
43,12,2.0436750208,2.27,82.33,83.67,67.56,27.599999999999998
44,12,2.133394141799999,1.94,84.46,85.61,68.36,26.509999999999998
45,12,2.1507999771999997,2.2,86.61,87.81,69.03,26.38
46,12,2.174950462999999,2.13,88.78,89.94,69.8,26.17
47,12,2.2497597557999987,2.37,91.03,92.31,70.54,25.220000000000002
48,12,2.1949647248,2.18,93.22,94.49,71.36,26.14
49,12,2.22558386605,2.43,95.45,96.92,72.11,25.83
50,12,2.1096512392499998,1.95,97.56,98.87,72.95,27.47
51,12,2.0977132010500004,1.85,99.66,100.72,73.61,27.689999999999998
52,12,2.1371857067499995,1.88,101.8,102.6,74.25,27.27
53,12,2.1847852468000006,2.2,103.98,104.8,74.89,26.74
54,12,1.9775562747999988,1.97,105.96,106.77,75.64,29.259999999999998
55,12,2.1038505620499994,2.07,108.06,108.84,76.31,27.869999999999997
56,12,2.1214431703,2.35,110.18,111.19,77.01,27.719999999999995
57,12,2.1412380495499996,2.04,112.32,113.23,77.81,27.549999999999997
58,12,2.0997665453,2.03,114.42,115.26,78.49,28.08
59,12,2.1124662042,2.35,116.53,117.61,79.18,27.979999999999997
60,12,2.21558720795,2.25,118.75,119.86,79.97,26.829999999999995
61,12,2.327065029199999,2.45,121.08,122.31,80.72,25.51
62,12,2.1947596197999997,2.09,123.27,124.4,81.54,27.18
63,12,2.1487305352,2.42,125.42,126.82,82.23,27.74
64,12,2.1637204407999997,2.34,127.58,129.16,83.04,27.61
65,12,2.1926601482999986,2.39,129.77,131.55,83.81,27.319999999999997
66,12,2.217859303,2.13,131.99,133.68,84.6,27.07
67,12,2.242501732999999,2.21,134.23,135.89,85.3,26.82
68,12,2.2626481892,2.06,136.49,137.95,86.03,26.62
69,12,2.0777488854999997,1.86,138.57,139.81,86.7,28.63
70,12,2.16307090205,1.94,140.73,141.75,87.31,27.75
71,12,2.156476833299999,2.02,142.89,143.77,87.94,27.830000000000002
72,12,2.1495956469999995,2.04,145.04,145.81,88.6,27.91
73,12,2.2352857932999997,2.09,147.28,147.9,89.26,27.01
74,12,2.342042263699999,2.64,149.62,150.54,89.93,25.840000000000003
75,12,2.248166211549999,2.16,151.87,152.7,90.79,26.89
76,12,2.2977966311999998,2.09,154.17,154.79,91.48,26.36
77,12,2.339350808249999,2.33,156.51,157.12,92.15,25.91
78,12,2.2808997924999996,2.43,158.79,159.55,92.9,26.549999999999997
79,12,2.354909125449999,2.1,161.14,161.65,93.67,25.75
80,12,2.2909116848,2.37,163.43,164.02,94.34,26.439999999999998
81,12,2.3751390980499996,2.25,165.81,166.27,95.09,25.529999999999998
82,12,2.1803564949999994,2.23,167.99,168.5,95.8,27.549999999999997
83,12,2.1907775000499994,2.43,170.18,170.93,96.51,27.43
84,12,2.17853158395,2.26,172.36,173.19,97.27,27.529999999999998
85,12,2.2719086181999986,2.29,174.63,175.48,97.98,26.58
86,12,2.1477607030000003,2.11,176.78,177.59,98.7,27.779999999999998
87,12,2.0886769768000013,2.33,178.87,179.92,99.36,28.309999999999995
88,12,2.2076754891999992,2.25,181.08,182.17,100.08,27.15
89,12,1.9951583517,1.95,183.08,184.12,100.78,29.089999999999996
90,12,2.1999450447,2.39,185.28,186.51,101.38,27.169999999999995
