floor(cycle / (24 * 60)),pig.id,pig.target_dfi,pig.dfi,pig.target_cfi,pig.cfi,pig.weight,ET
0,0,1.7983612217606093,1.61,1.8,1.61,38.32,21.32
1,0,1.5382521579392863,1.36,3.34,2.97,38.95,28.509677695207625
2,0,1.4197023559999995,1.57,4.76,4.54,39.48,30.630000000000003
3,0,1.4473209599999999,1.51,6.21,6.05,40.1,30.44
4,0,1.4850230036858028,1.55,7.7,7.6,40.68,30.029999999999998
5,0,1.5437819783137272,1.39,9.24,8.99,41.29,29.26
6,0,1.5210133753011879,1.46,10.76,10.45,41.83,29.75
7,0,1.5532902042149834,1.32,12.31,11.77,42.39,29.380000000000003
8,0,1.5749134473483415,1.46,13.88,13.23,42.9,29.160000000000004
9,0,1.6347926609504562,1.42,15.51,14.65,43.47,28.32
10,0,1.5799565105365614,1.55,17.09,16.2,44.01,29.34
11,0,1.6768024480337942,1.74,18.77,17.94,44.61,27.900000000000002
12,0,1.6780886475563395,1.57,20.45,19.51,45.28,28.05
13,0,1.6694793174834197,1.6,22.12,21.11,45.88,28.340000000000003
14,0,1.7796040346181967,1.93,23.9,23.04,46.49,26.560000000000002
15,0,1.734550074915854,1.58,25.63,24.62,47.23,27.57
16,0,1.7488703675660617,1.83,27.38,26.45,47.83,27.47
17,0,1.7620008074004452,1.77,29.14,28.22,48.52,27.409999999999997
18,0,1.733498952961676,1.49,30.87,29.71,49.2,28.04
19,0,1.8066334544900164,2.01,32.68,31.72,49.76,26.929999999999996
20,0,1.8449551255517833,2.04,34.52,33.76,50.52,26.43
21,0,1.8442882608,1.75,36.36,35.51,51.29,26.659999999999997
22,0,1.8223251917999996,2.04,38.18,37.55,51.94,27.259999999999998
23,0,1.9140495395499992,1.85,40.09,39.4,52.71,25.93
24,0,1.9067254869999999,1.93,42.0,41.33,53.4,26.31
25,0,1.9237279371999998,1.99,43.92,43.32,54.12,26.259999999999998
26,0,1.9362663773,1.86,45.86,45.18,54.86,26.29
27,0,1.9592639354999992,2.14,47.82,47.32,55.55,26.12
28,0,1.9839755292999999,2.27,49.8,49.59,56.34,25.950000000000003
29,0,2.0209215441999993,1.92,51.82,51.51,57.18,25.580000000000002
30,0,1.9900173772999998,2.26,53.81,53.77,57.89,26.32
31,0,1.9462447991999998,1.81,55.76,55.58,58.72,27.23
32,0,1.9230451627000003,1.73,57.68,57.31,59.38,27.729999999999997
33,0,1.9567808388000003,1.85,59.64,59.16,60.01,27.38
34,0,1.8087058587999996,2.0,61.45,61.16,60.69,29.540000000000003
35,0,1.905346729199999,2.07,63.36,63.23,61.42,28.4
36,0,1.8593177091999997,1.7,65.22,64.93,62.17,29.140000000000004
37,0,1.8980905341999998,2.09,67.12,67.02,62.78,28.740000000000002
38,0,2.0234655283000005,2.09,69.14,69.11,63.54,27.17
39,0,2.043697008549999,1.97,71.18,71.08,64.29,27.030000000000005
40,0,2.0792189819999995,2.12,73.26,73.2,65.0,26.660000000000004
41,0,2.0916168087999996,2.08,75.35,75.28,65.76,26.630000000000003
42,0,2.0583980504999997,2.21,77.41,77.49,66.5,27.23
43,0,2.2116457985499998,2.36,79.62,79.85,67.29,25.150000000000002
44,0,2.1305693519499997,2.15,81.75,82.0,68.13,26.509999999999998
45,0,2.1828199437999998,2.11,83.93,84.11,68.89,25.900000000000002
46,0,2.2431367737999994,2.29,86.17,86.4,69.64,25.15
47,0,2.1541936945,2.34,88.32,88.74,70.45,26.56
48,0,2.1903416324500005,2.35,90.51,91.09,71.27,26.19
49,0,2.2536776555499998,2.04,92.76,93.13,72.09,25.43
50,0,2.2446700595499998,2.13,95.0,95.26,72.81,25.67
51,0,2.17564402,2.39,97.18,97.65,73.55,26.7
52,0,2.2653669657000006,2.54,99.45,100.19,74.38,25.61
53,0,2.0986682787999995,1.95,101.55,102.14,75.26,27.84
54,0,2.157588181299999,1.92,103.71,104.06,75.94,27.19
55,0,2.145358779999999,2.28,105.86,106.34,76.6,27.4
56,0,2.1782917897,2.22,108.04,108.56,77.38,27.070000000000004
57,0,2.1695930994999992,2.22,110.21,110.78,78.15,27.240000000000006
58,0,2.0790975377999983,2.32,112.29,113.1,78.91,28.340000000000003
59,0,2.129367563,1.93,114.42,115.03,79.7,27.820000000000004
60,0,2.088117090499999,1.88,116.51,116.91,80.35,28.320000000000007
61,0,2.086443797549999,1.9,118.6,118.81,80.99,28.370000000000008
62,0,2.155894473799999,2.12,120.76,120.93,81.64,27.63000000000001
63,0,2.190002120499998,2.15,122.95,123.08,82.35,27.280000000000012
64,0,2.140394988199999,1.86,125.09,124.94,83.08,27.87000000000001
65,0,2.1644330604999986,2.28,127.25,127.22,83.7,27.63000000000001
66,0,2.2550180076999986,1.97,129.51,129.19,84.47,26.64000000000001
67,0,2.293000503949999,2.34,131.8,131.53,85.13,26.230000000000008
68,0,2.2285548342999997,1.94,134.03,133.47,85.91,27.00000000000001
69,0,2.272280551749999,2.51,136.3,135.98,86.55,26.53000000000001
70,0,2.1432986631999986,2.09,138.44,138.07,87.38,27.960000000000008
71,0,2.2102125591999986,2.2,140.65,140.27,88.08,27.26000000000001
72,0,2.1822437079999997,2.0,142.83,142.27,88.8,27.570000000000007
73,0,2.062232054799999,2.22,144.89,144.49,89.46,28.800000000000008
74,0,2.1872289745499995,2.13,147.08,146.62,90.19,27.53000000000001
75,0,2.1593209071999984,2.3,149.24,148.92,90.88,27.82000000000001
76,0,2.168934344799999,2.17,151.41,151.09,91.64,27.72000000000001
77,0,2.131765642299999,2.03,153.54,153.12,92.34,28.090000000000007
78,0,2.092305972999998,2.09,155.63,155.21,93.0,28.470000000000006
79,0,2.244575389199998,2.13,157.87,157.34,93.68,26.930000000000007
80,0,2.2565488756999974,2.48,160.13,159.82,94.37,26.800000000000008
81,0,2.2692218547999987,2.42,162.4,162.24,95.16,26.660000000000004
82,0,2.207155010799999,2.29,164.61,164.53,95.94,27.280000000000005
83,0,2.0517728606999985,2.35,166.66,166.88,96.67,28.76
84,0,2.128446125699999,2.23,168.79,169.11,97.42,28.010000000000005
85,0,2.2626384659500003,2.21,171.05,171.32,98.13,26.670000000000005
86,0,2.180488662799999,2.1,173.23,173.42,98.84,27.460000000000008
87,0,2.170664110499999,2.05,175.4,175.47,99.5,27.530000000000005
88,0,2.071766759249999,1.96,177.47,177.43,100.15,28.430000000000007
89,0,2.1503427877999983,2.27,179.62,179.7,100.76,27.67000000000001
90,0,2.1531273061999983,1.89,181.77,181.59,101.48,27.610000000000007
