floor(cycle / (24 * 60)),pig.id,pig.target_dfi,pig.dfi,pig.target_cfi,pig.cfi,pig.weight,ET
0,1,1.7061867569999998,1.94,1.71,1.94,37.0,15.59
1,1,1.7364580405499996,2.01,3.45,3.95,37.81,15.59
2,1,1.7633410845,2.01,5.21,5.96,38.65,14.959999999999999
3,1,1.7994199412999996,1.69,7.01,7.65,39.49,15.919999999999998
4,1,1.8249482082999995,1.55,8.83,9.2,40.19,16.68
5,1,1.84703382445,2.06,10.68,11.26,40.83,16.79
6,1,1.8772334171999998,2.04,12.56,13.3,41.68,16.25
7,1,1.9056556312,1.86,14.47,15.16,42.52,15.4
8,1,1.9326748310499997,1.97,16.4,17.13,43.29,15.529999999999998
9,1,1.9602895269999996,1.85,18.36,18.98,44.1,15.34
10,1,1.98471569425,2.21,20.34,21.19,44.85,14.77
11,1,2.01498081325,2.28,22.35,23.47,45.75,14.59
12,1,2.0453052321999996,1.9,24.4,25.37,46.68,16.049999999999997
13,1,2.062079462,1.82,26.46,27.19,47.45,17.139999999999997
14,1,2.0846813242999995,1.92,28.54,29.11,48.19,17.16
15,1,2.1151416208,2.3,30.66,31.41,48.96,16.43
16,1,2.1493503560499994,2.09,32.81,33.5,49.89,15.61
17,1,2.1582130837000006,2.15,34.97,35.65,50.73,17.36
18,1,2.2049744852999997,2.36,37.17,38.01,51.59,14.959999999999999
19,1,2.2311596316999993,2.07,39.4,40.08,52.53,15.440000000000001
20,1,2.246935424799999,2.5,41.65,42.58,53.36,16.380000000000003
21,1,2.2805981532499997,2.36,43.93,44.94,54.35,15.909999999999998
22,1,2.3064013891999995,2.49,46.24,47.43,55.28,15.970000000000002
23,1,2.3371055963,2.17,48.58,49.6,56.26,15.69
24,1,2.3628280071999996,2.13,50.94,51.73,57.12,15.529999999999998
25,1,2.3715563355000002,2.37,53.31,54.1,57.95,16.52
26,1,2.4082763872,2.61,55.72,56.71,58.88,15.719999999999999
27,1,2.4204045945000003,2.23,58.14,58.94,59.9,16.61
28,1,2.433237948799999,2.42,60.57,61.36,60.76,17.04
29,1,2.4489616324999997,2.35,63.02,63.71,61.7,17.35
30,1,2.514761467299999,2.35,65.53,66.06,62.61,15.04
31,1,2.531502452799999,2.33,68.06,68.39,63.51,15.419999999999998
32,1,2.5385648819999997,2.83,70.6,71.22,64.4,16.189999999999998
33,1,2.579483015049999,2.56,73.18,73.78,65.49,15.41
34,1,2.6103344028,2.63,75.79,76.41,66.46,14.96
35,1,2.6320407722999994,2.93,78.42,79.34,67.46,15.05
36,1,2.6282555609499996,2.53,81.05,81.87,68.57,16.35
37,1,2.620137711199999,2.83,83.67,84.7,69.52,17.340000000000003
38,1,2.6876374940500005,2.76,86.36,87.46,70.59,15.67
39,1,2.7351661906999993,2.85,89.1,90.31,71.62,14.490000000000002
40,1,2.7175767411999994,2.96,91.82,93.27,72.68,16.14
41,1,2.7641979817000006,2.48,94.58,95.75,73.78,15.190000000000001
42,1,2.796898362999999,2.95,97.38,98.7,74.7,14.580000000000002
43,1,2.8083931198,2.7,100.19,101.4,75.79,14.98
44,1,2.8488823971999997,2.96,103.04,104.36,76.78,14.080000000000002
45,1,2.854344762299999,2.72,105.89,107.08,77.86,14.690000000000001
46,1,2.8561621217999997,2.86,108.75,109.94,78.86,15.26
47,1,2.8600546280499994,2.61,111.61,112.55,79.89,15.690000000000001
48,1,2.9063856198,2.73,114.52,115.28,80.84,14.690000000000001
49,1,2.9399648536999994,2.93,117.46,118.21,81.83,14.080000000000002
50,1,2.9619900432,3.02,120.42,121.23,82.88,13.91
51,1,2.9226416207999995,3.19,123.34,124.42,83.96,15.680000000000001
52,1,2.922216539499998,2.87,126.26,127.29,85.1,16.11
53,1,2.9665000731999993,2.92,129.23,130.21,86.12,15.3
54,1,3.016509217,2.89,132.25,133.1,87.15,14.259999999999998
55,1,3.045434556699999,3.26,135.3,136.36,88.17,13.8
56,1,3.008955421199999,2.76,138.31,139.12,89.32,15.26
57,1,3.014232310199999,2.76,141.32,141.88,90.28,15.41
58,1,3.020373668799999,3.04,144.34,144.92,91.24,15.52
59,1,3.050440395499999,3.07,147.39,147.99,92.3,15.07
60,1,2.957437574799999,2.86,150.35,150.85,93.36,17.29
61,1,3.0973934995000003,2.94,153.45,153.79,94.35,14.440000000000001
62,1,3.068544748799999,2.81,156.52,156.6,95.36,15.350000000000001
63,1,3.0882187471999996,2.88,159.61,159.48,96.32,15.099999999999998
64,1,3.074142942999999,3.18,162.68,162.66,97.3,15.579999999999998
65,1,3.136542093199999,3.08,165.82,165.74,98.38,14.400000000000002
66,1,3.1618392156999993,3.43,168.98,169.17,99.42,14.010000000000002
67,1,3.101022562199999,3.33,172.08,172.5,100.57,15.5
68,1,3.1323044880499995,2.97,175.21,175.47,101.69,15.010000000000002
69,1,3.1131096971999987,3.36,178.32,178.83,102.68,15.5
70,1,3.164619132299999,3.34,181.48,182.17,103.79,14.600000000000001
71,1,3.108651835499998,2.93,184.59,185.1,104.9,15.770000000000003
72,1,3.2041617042999992,2.98,187.79,188.08,105.86,14.010000000000002
73,1,3.1685476768,3.38,190.96,191.46,106.84,14.8
74,1,3.1610528807499993,3.25,194.12,194.71,107.95,15.010000000000002
75,1,3.2275336470499987,3.34,197.35,198.05,109.01,13.810000000000002
76,1,3.2001497592999995,3.14,200.55,201.19,110.09,14.400000000000002
77,1,3.173359708,3.08,203.72,204.27,111.1,14.919999999999998
78,1,3.202010182299999,3.06,206.92,207.33,112.09,14.440000000000001
79,1,3.1941209946999995,2.95,210.11,210.28,113.07,14.600000000000001
80,1,3.118913891299999,2.95,213.23,213.23,114.01,15.84
