floor(cycle / (24 * 60)),pig.id,pig.target_dfi,pig.dfi,pig.target_cfi,pig.cfi,pig.weight,ET
0,4,1.6683677319999997,1.55,1.67,1.55,36.0,15.59
1,4,1.6914960985499994,1.58,3.36,3.13,36.61,15.59
2,4,1.7102210688,1.44,5.07,4.57,37.24,14.959999999999999
3,4,1.7381686533,1.89,6.81,6.46,37.81,15.919999999999998
4,4,1.7668634754999997,1.47,8.58,7.93,38.55,16.68
5,4,1.78750508595,1.81,10.37,9.74,39.13,16.79
6,4,1.8126145768,1.54,12.18,11.28,39.84,16.25
7,4,1.8321128574999996,1.79,14.01,13.07,40.45,15.4
8,4,1.85767319175,1.7,15.87,14.77,41.15,15.529999999999998
9,4,1.8804695617999994,2.05,17.75,16.82,41.81,15.34
10,4,1.9063437950499995,1.64,19.66,18.46,42.61,14.77
11,4,1.9280570007499997,2.2,21.59,20.66,43.25,14.59
12,4,1.9601337174999995,2.15,23.55,22.81,44.1,16.049999999999997
13,4,1.9823635711999992,1.94,25.53,24.75,44.93,17.139999999999997
14,4,2.0062508271999997,1.79,27.54,26.54,45.68,17.16
15,4,2.033438995949999,1.98,29.57,28.52,46.37,16.43
16,4,2.0610690571999997,1.93,31.63,30.45,47.12,15.61
17,4,2.0723975867999997,2.21,33.7,32.66,47.86,17.36
18,4,2.1138383252999993,2.2,35.81,34.86,48.71,14.959999999999999
19,4,2.139145042799999,2.01,37.95,36.87,49.54,15.440000000000001
20,4,2.1568672168,1.98,40.11,38.85,50.31,16.380000000000003
21,4,2.1834610513,2.47,42.29,41.32,51.06,15.909999999999998
22,4,2.2109539325499994,2.35,44.5,43.67,51.99,15.970000000000002
23,4,2.2394577819499997,2.43,46.74,46.1,52.87,15.69
24,4,2.2678916885499993,2.09,49.01,48.19,53.79,15.529999999999998
25,4,2.2795586166999997,2.08,51.29,50.27,54.57,16.52
26,4,2.310854312799999,2.59,53.6,52.86,55.34,15.719999999999999
27,4,2.32625467255,2.09,55.93,54.95,56.31,16.61
28,4,2.3396374432,2.15,58.27,57.1,57.08,17.04
29,4,2.3545107381999997,2.1,60.62,59.2,57.88,17.35
30,4,2.4102365544999995,2.45,63.03,61.65,58.65,15.04
31,4,2.4303620707999998,2.37,65.46,64.02,59.56,15.419999999999998
32,4,2.441397087449999,2.39,67.9,66.41,60.43,16.189999999999998
33,4,2.4760095194999994,2.32,70.38,68.73,61.3,15.41
34,4,2.5040845844999997,2.59,72.88,71.32,62.15,14.96
35,4,2.5267608080499993,2.63,75.41,73.95,63.09,15.05
36,4,2.5267407297999993,2.71,77.94,76.66,64.04,16.35
37,4,2.5254609961999996,2.66,80.47,79.32,65.02,17.340000000000003
38,4,2.5860098826999995,2.35,83.06,81.67,65.98,15.67
39,4,2.6264553346999997,2.33,85.69,84.0,66.82,14.490000000000002
40,4,2.6134952769999993,2.43,88.3,86.43,67.65,16.14
41,4,2.6534069961999998,2.89,90.95,89.32,68.52,15.190000000000001
42,4,2.688069592999999,2.85,93.64,92.17,69.55,14.580000000000002
43,4,2.702474636799999,2.84,96.34,95.01,70.56,14.98
44,4,2.7414922768,3.0,99.08,98.01,71.56,14.080000000000002
45,4,2.7521976957000005,3.02,101.83,101.03,72.62,14.690000000000001
46,4,2.7602875632,2.96,104.59,103.99,73.67,15.26
47,4,2.7690235095499998,2.61,107.36,106.6,74.71,15.690000000000001
48,4,2.8121455960499997,3.02,110.17,109.62,75.61,14.690000000000001
49,4,2.8465648228,2.78,113.02,112.4,76.66,14.080000000000002
50,4,2.8687685097,3.01,115.89,115.41,77.62,13.91
51,4,2.839952822799999,2.96,118.73,118.37,78.66,15.680000000000001
52,4,2.8424903744499987,2.95,121.57,121.32,79.67,16.11
53,4,2.8853779771999997,3.04,124.46,124.36,80.68,15.3
54,4,2.933049117799999,2.93,127.39,127.29,81.71,14.259999999999998
55,4,2.9621251122999994,2.7,130.35,129.99,82.71,13.8
56,4,2.932394902199999,3.14,133.28,133.13,83.62,15.26
57,4,2.9424252919499985,2.78,136.22,135.91,84.67,15.41
58,4,2.951511731299999,3.03,139.17,138.94,85.61,15.52
59,4,2.9815642327000003,2.78,142.15,141.72,86.62,15.07
60,4,2.901370750299999,2.85,145.05,144.57,87.54,17.29
61,4,3.028676678299999,3.21,148.08,147.78,88.49,14.440000000000001
62,4,3.0081564512499996,2.72,151.09,150.5,89.55,15.350000000000001
63,4,3.028463070799999,3.22,154.12,153.72,90.44,15.099999999999998
64,4,3.0206353329999995,3.22,157.14,156.94,91.5,15.579999999999998
65,4,3.0796162825,3.08,160.22,160.02,92.55,14.400000000000002
66,4,3.1054145157499984,3.03,163.33,163.05,93.55,14.010000000000002
67,4,3.0543559098,3.27,166.38,166.32,94.54,15.5
68,4,3.085668066549999,3.1,169.47,169.42,95.59,15.010000000000002
69,4,3.0722362968,2.94,172.54,172.36,96.59,15.5
70,4,3.1206898326999992,3.03,175.66,175.39,97.53,14.600000000000001
71,4,3.0737860754999997,3.31,178.73,178.7,98.5,15.770000000000003
72,4,3.162896165749999,3.41,181.89,182.11,99.55,14.010000000000002
73,4,3.1355234556999996,3.38,185.03,185.49,100.63,14.8
74,4,3.1323044880499995,3.36,188.16,188.85,101.69,15.010000000000002
75,4,3.1952836607499995,2.93,191.36,191.78,102.75,13.810000000000002
76,4,3.1736083267999993,3.09,194.53,194.87,103.66,14.400000000000002
77,4,3.1528060552,2.91,197.68,197.78,104.62,14.919999999999998
78,4,3.1814395967,2.93,200.86,200.71,105.53,14.440000000000001
79,4,3.1773417146999976,3.14,204.04,203.85,106.43,14.600000000000001
80,4,3.1127260719999987,2.99,207.15,206.84,107.4,15.84
