floor(cycle / (24 * 60)),pig.id,pig.target_dfi,pig.dfi,pig.target_cfi,pig.cfi,pig.weight,ET
0,9,1.8225478990000001,1.81,1.82,1.81,37.79,18.79
1,9,1.8484041789999999,2.1,3.67,3.91,38.51,18.79
2,9,1.884380094,1.61,5.55,5.52,39.34,18.05
3,9,1.903140491,1.91,7.45,7.43,39.97,18.49
4,9,1.9152135139454156,2.12,9.37,9.55,40.72,19.169999999999998
5,9,1.9289241607009673,2.0,11.3,11.55,41.55,19.54
6,9,1.9694799765065596,2.16,13.27,13.71,42.34,17.7
7,9,1.9790669948595048,1.92,15.25,15.63,43.18,18.65
8,9,1.9950533125793866,1.84,17.25,17.47,43.93,18.72
9,9,2.010839992649424,2.05,19.26,19.52,44.64,18.720000000000002
10,9,1.990258929237063,2.21,21.25,21.73,45.44,20.63
11,9,2.0168793907966,2.0,23.27,23.73,46.29,20.229999999999997
12,9,2.004895864683438,2.07,25.27,25.8,47.06,21.269999999999996
13,9,2.0256629482856314,2.18,27.3,27.98,47.86,21.069999999999997
14,9,2.062248197951142,2.15,29.36,30.13,48.7,20.299999999999997
15,9,2.0736937861775684,2.17,31.43,32.3,49.52,20.45
16,9,2.0418171715158935,1.86,33.47,34.16,50.35,21.97
17,9,2.1069527442999996,2.19,35.58,36.35,51.06,20.29
18,9,2.1289636363,2.36,37.71,38.71,51.89,20.28
19,9,2.1741081702,1.91,39.88,40.62,52.78,19.459999999999997
20,9,2.1446765945000004,1.99,42.02,42.61,53.5,21.089999999999996
21,9,2.1285409395,2.1,44.15,44.71,54.25,22.04
22,9,2.1671472047999996,2.41,46.32,47.12,55.04,21.5
23,9,2.1851643880000005,2.18,48.51,49.3,55.95,21.58
24,9,2.2030891437999993,2.3,50.71,51.6,56.76,21.59
25,9,2.2264623471999996,1.93,52.94,53.53,57.62,21.480000000000004
26,9,2.2756582111999992,2.35,55.22,55.88,58.33,20.580000000000002
27,9,2.30066315455,2.42,57.52,58.3,59.21,20.430000000000003
28,9,2.312912740499999,2.52,59.83,60.82,60.1,20.630000000000006
29,9,2.3030140122,2.59,62.13,63.41,61.03,21.380000000000006
30,9,2.4074252631999995,2.43,64.54,65.84,61.98,19.080000000000005
31,9,2.427858551949999,2.53,66.97,68.37,62.87,19.050000000000004
32,9,2.3489609179999986,2.36,69.32,70.73,63.8,21.580000000000002
33,9,2.3725566332499994,2.35,71.69,73.08,64.65,21.410000000000004
34,9,2.3852185362999996,2.55,74.08,75.63,65.51,21.480000000000004
35,9,2.3172937234499997,2.07,76.4,77.7,66.43,23.150000000000006
36,9,2.4191276387,2.22,78.82,79.92,67.18,21.390000000000004
37,9,2.504268177699999,2.46,81.32,82.38,67.98,19.770000000000003
38,9,2.531695407299999,2.37,83.85,84.75,68.86,19.490000000000006
39,9,2.4175552585499993,2.36,86.27,87.11,69.71,22.250000000000004
40,9,2.4499801654999995,2.49,88.72,89.6,70.55,21.880000000000003
41,9,2.4878728667999996,2.24,91.21,91.84,71.44,21.410000000000004
42,9,2.505466346199999,2.47,93.72,94.31,72.23,21.3
43,9,2.5939970247999997,2.67,96.31,96.98,73.11,19.740000000000002
44,9,2.6000435192499993,2.79,98.91,99.77,74.05,19.930000000000003
45,9,2.622851547699999,2.63,101.53,102.4,75.03,19.76
46,9,2.675626644999999,2.64,104.21,105.04,75.95,18.900000000000006
47,9,2.6394053689499994,2.54,106.85,107.58,76.87,19.970000000000002
48,9,2.66237440625,2.93,109.51,110.51,77.75,19.750000000000004
49,9,2.5896684276999986,2.73,112.1,113.24,78.77,21.360000000000003
50,9,2.6395420910499996,2.88,114.74,116.12,79.71,20.67
51,9,2.6043715282999993,2.68,117.34,118.8,80.71,21.480000000000004
52,9,2.5453519109499982,2.71,119.89,121.51,81.63,22.570000000000004
53,9,2.6039340732499987,2.61,122.49,124.12,82.55,21.790000000000003
54,9,2.6591270107999985,2.54,125.15,126.66,83.44,21.03000000000001
55,9,2.671644771299999,2.7,127.82,129.36,84.31,20.960000000000004
56,9,2.678725104199999,2.72,130.5,132.08,85.22,20.980000000000008
57,9,2.620145157299999,2.62,133.12,134.7,86.14,22.010000000000005
58,9,2.6272336412,2.76,135.75,137.46,87.02,22.000000000000007
59,9,2.645865938,2.81,138.4,140.27,87.95,21.820000000000007
60,9,2.728497074799998,2.65,141.13,142.92,88.89,20.660000000000007
61,9,2.6384924474499982,2.56,143.77,145.48,89.77,22.09000000000001
62,9,2.6459567256999974,2.81,146.42,148.29,90.62,22.05000000000001
63,9,2.6734424667499983,2.44,149.09,150.73,91.55,21.73000000000001
64,9,2.658707129799998,2.9,151.75,153.63,92.36,21.99000000000001
65,9,2.647951453049999,2.84,154.4,156.47,93.31,22.190000000000012
66,9,2.624710220799999,2.8,157.02,159.27,94.24,22.54000000000001
67,9,2.819297561799999,2.62,159.84,161.89,95.16,19.85000000000001
68,9,2.869087308799999,2.76,162.71,164.65,96.01,19.140000000000008
69,9,2.8385794552999983,2.9,165.55,167.55,96.91,19.68000000000001
70,9,2.77535068625,2.67,168.33,170.22,97.85,20.65000000000001
71,9,2.6580916770499985,2.86,170.99,173.08,98.71,22.23000000000001
72,9,2.741270885949999,2.56,173.73,175.64,99.63,21.17000000000001
73,9,2.8161755492499987,2.55,176.55,178.19,100.45,20.17000000000001
74,9,2.841998486299999,2.7,179.39,180.89,101.26,19.83000000000001
75,9,2.742163748199998,2.96,182.13,183.85,102.12,21.190000000000012
76,9,2.6943596892999984,2.49,184.82,186.34,103.06,21.790000000000013
77,9,2.8167038527999986,2.96,187.64,189.3,103.84,20.220000000000013
78,9,2.8518740326999974,3.08,190.49,192.38,104.78,19.750000000000018
79,9,2.763460627799998,2.78,193.25,195.16,105.74,20.90000000000002
80,9,2.671083701299998,2.61,195.92,197.77,106.61,22.000000000000014
81,9,2.8608579261999982,2.57,198.78,200.34,107.42,19.62000000000002
82,9,2.7913847301999977,2.65,201.57,202.99,108.22,20.500000000000018
83,9,2.7593588507999973,2.92,204.33,205.91,109.04,20.87000000000002
84,9,2.928012160799998,2.93,207.26,208.84,109.94,18.680000000000017
85,9,2.778528759249998,2.55,210.04,211.39,110.85,20.570000000000018
86,9,2.8779576981999986,3.1,212.92,214.49,111.63,19.30000000000002
87,9,2.831416053449997,3.01,215.75,217.5,112.57,19.85000000000002
88,9,2.8538306840499996,2.76,218.6,220.26,113.49,19.530000000000015
89,9,2.799337697949998,2.86,221.4,223.12,114.33,20.150000000000013
90,9,2.845069822049997,2.59,224.25,225.71,115.19,19.550000000000015
