floor(cycle / (24 * 60)),pig.id,pig.target_dfi,pig.dfi,pig.target_cfi,pig.cfi,pig.weight,ET
0,12,1.7333436279999994,1.72,1.73,1.72,39.0,21.32
1,12,1.7561432726999995,1.92,3.49,3.64,39.73,21.32
2,12,1.8087114847000003,1.86,5.3,5.5,40.53,19.880000000000003
3,12,1.8255952171999996,2.01,7.13,7.51,41.32,20.34
4,12,1.8167180068000002,2.06,8.95,9.57,42.16,21.85
5,12,1.8390424387000002,2.08,10.79,11.65,43.02,21.95
6,12,1.8178471121999997,1.54,12.61,13.19,43.88,23.39
7,12,1.8954960651999997,2.09,14.51,15.28,44.52,21.459999999999997
8,12,1.9165199480500001,1.89,16.43,17.17,45.39,21.59
9,12,1.8723022807,2.1,18.3,19.27,46.17,23.559999999999995
10,12,1.9234319248,1.92,20.22,21.19,47.04,22.78
11,12,1.9510026461999994,2.22,22.17,23.41,47.83,22.58
12,12,1.9886752362999993,1.7,24.16,25.11,48.74,22.169999999999995
13,12,2.0230273407999992,2.28,26.18,27.39,49.44,21.679999999999996
14,12,2.0381507632,1.79,28.22,29.18,50.37,21.94
15,12,2.0772740279999993,1.83,30.3,31.01,51.1,21.32
16,12,1.9933335327999997,2.29,32.29,33.3,51.84,23.96
17,12,2.0765189024499993,2.08,34.37,35.38,52.77,22.49
18,12,2.0710115938,2.0,36.44,37.38,53.61,23.099999999999998
19,12,2.1089939257000005,1.91,38.55,39.29,54.42,22.63
20,12,2.2095862147000003,1.91,40.76,41.2,55.18,20.35
21,12,2.1813666205,2.32,42.94,43.52,55.95,21.68
22,12,2.1339686751999993,2.15,45.07,45.67,56.88,23.279999999999998
23,12,2.1833381232,2.15,47.25,47.82,57.73,22.58
24,12,2.2363497552999996,2.38,49.49,50.2,58.59,21.759999999999998
25,12,2.232951740199999,2.25,51.72,52.45,59.53,22.3
26,12,2.2454591361999996,2.36,53.97,54.81,60.42,22.419999999999998
27,12,2.2240702795,2.22,56.19,57.03,61.35,23.24
28,12,2.2596338676999994,2.55,58.45,59.58,62.22,22.85
29,12,2.2913094041999993,2.5,60.74,62.08,63.22,22.58
30,12,2.2360124919999995,2.22,62.98,64.3,64.2,23.96
31,12,2.3014899158000004,2.36,65.28,66.66,65.06,23.02
32,12,2.1737775037,2.45,67.45,69.11,65.98,25.45
33,12,2.0833827997,2.14,69.53,71.25,66.93,26.959999999999997
34,12,2.0073818249999995,1.78,71.54,73.03,67.75,28.1
35,12,2.2049311938,2.23,73.74,75.26,68.44,25.49
36,12,2.2036475395500004,2.22,75.94,77.48,69.29,25.669999999999998
37,12,2.0906431347999996,1.84,78.03,79.32,70.14,27.36
38,12,2.2662282717999997,2.16,80.3,81.48,70.84,25.03
39,12,2.1218175006999984,2.01,82.42,83.49,71.67,27.16
40,12,2.2426723586999993,1.95,84.66,85.44,72.43,25.640000000000004
41,12,2.1472447162,2.25,86.81,87.69,73.17,27.020000000000003
42,12,2.269652406199999,2.2,89.08,89.89,74.02,25.500000000000004
43,12,2.2313700842499986,2.22,91.31,92.11,74.85,26.130000000000003
44,12,2.1796622311999987,2.29,93.49,94.4,75.68,26.890000000000004
45,12,2.1407675573000002,2.42,95.63,96.82,76.54,27.45
46,12,2.1302960207999995,1.84,97.76,98.66,77.44,27.650000000000002
47,12,2.183600555949999,1.93,99.94,100.59,78.13,27.07
48,12,2.1883701477999993,1.91,102.13,102.5,78.84,27.07
49,12,2.0707056092499982,1.77,104.2,104.27,79.55,28.47
50,12,2.1293813949999985,2.2,106.33,106.47,80.2,27.85
51,12,2.2014039815499995,2.5,108.53,108.97,81.01,27.07
52,12,2.1731306534499994,2.23,110.7,111.2,81.93,27.45
53,12,2.22575555575,2.01,112.93,113.21,82.75,26.89
54,12,2.1860245331999995,1.99,115.12,115.2,83.48,27.38
55,12,2.0673685670499995,2.19,117.19,117.39,84.21,28.69
56,12,2.1298871749999995,2.28,119.32,119.67,85.0,28.05
57,12,2.0481906006999995,2.24,121.37,121.91,85.83,28.92
58,12,2.1711266787999994,2.18,123.54,124.09,86.64,27.650000000000002
59,12,2.3307449017,2.4,125.87,126.49,87.42,25.89
60,12,2.1834664235499996,2.08,128.05,128.57,88.29,27.55
61,12,2.1159204801999985,2.33,130.17,130.9,89.03,28.26
62,12,2.168805828799999,2.4,132.34,133.3,89.86,27.720000000000002
63,12,2.3418335391999996,2.23,134.68,135.53,90.72,25.86
64,12,2.2211472187999997,2.02,136.9,137.55,91.51,27.180000000000003
65,12,2.2918854367,2.3,139.19,139.85,92.22,26.430000000000003
66,12,2.2930709207999986,2.3,141.48,142.15,93.04,26.42
67,12,2.3070537817499983,2.01,143.79,144.16,93.85,26.270000000000003
68,12,2.303064798249999,2.19,146.09,146.35,94.55,26.310000000000002
69,12,2.3447291012,2.5,148.43,148.85,95.32,25.860000000000003
70,12,2.238401109299999,2.38,150.67,151.23,96.19,26.960000000000004
71,12,2.2876741911999994,2.32,152.96,153.55,97.02,26.440000000000005
72,12,2.2762274321999993,2.26,155.24,155.81,97.82,26.540000000000003
73,12,2.133472607999999,2.11,157.37,157.92,98.6,27.92
74,12,2.247085616949999,2.4,159.62,160.32,99.33,26.790000000000003
75,12,2.1668164527999987,2.21,161.79,162.53,100.16,27.540000000000003
76,12,2.1068096980499993,2.32,163.9,164.85,100.91,28.07
77,12,2.1931402498,2.11,166.09,166.96,101.71,27.22
78,12,2.244768666699999,2.31,168.33,169.27,102.42,26.69
79,12,2.1229315922999996,2.41,170.45,171.68,103.21,27.799999999999997
80,12,2.3124993014499995,2.48,172.76,174.16,104.03,25.949999999999996
81,12,2.430056778799998,2.2,175.19,176.36,104.86,24.72
82,12,2.4004973919999992,2.67,177.59,179.03,105.6,24.99
83,12,2.2148145624999986,2.26,179.8,181.29,106.5,26.75
84,12,2.312768705299999,2.13,182.11,183.42,107.26,25.769999999999996
85,12,2.239718267200001,1.99,184.35,185.41,107.97,26.419999999999998
86,12,2.162965002699999,2.39,186.51,187.8,108.63,27.079999999999995
87,12,2.1518992412000006,2.04,188.66,189.84,109.42,27.119999999999994
88,12,2.1459307180000016,1.86,190.81,191.7,110.1,27.119999999999994
89,12,2.302845542049999,2.16,193.11,193.86,110.71,25.629999999999995
90,12,2.1685264357,2.45,195.28,196.31,111.42,26.809999999999995
