floor(cycle / (24 * 60)),pig.id,pig.target_dfi,pig.dfi,pig.target_cfi,pig.cfi,pig.weight,ET
0,2,1.6395194277999996,1.65,1.64,1.65,35.16,18.79
1,2,1.66184497405,1.6,3.3,3.25,35.79,18.79
2,2,1.6826696779999997,1.9,4.98,5.15,36.4,18.87
3,2,1.7011347006999997,1.9,6.68,7.05,37.13,19.56
4,2,1.7370588404999994,1.71,8.42,8.76,37.85,18.32
5,2,1.7586127919999994,2.04,10.18,10.8,38.5,18.44
6,2,1.7779796639500003,1.69,11.96,12.49,39.27,19.13
7,2,1.7995231968000003,2.08,13.76,14.57,39.91,19.1
8,2,1.8353125942999995,1.89,15.6,16.46,40.69,18.12
9,2,1.8486239619999996,1.56,17.45,18.02,41.4,19.060000000000002
10,2,1.8518177565499998,1.86,19.3,19.88,41.99,20.05
11,2,1.8755516512,1.82,21.18,21.7,42.68,19.919999999999998
12,2,1.8750894647999998,1.61,23.06,23.31,43.36,20.93
13,2,1.9004271047999999,1.91,24.96,25.22,43.96,20.6
14,2,1.89787169695,1.79,26.86,27.01,44.67,21.529999999999998
15,2,1.8995217928,2.2,28.76,29.21,45.34,22.119999999999994
16,2,1.9247962729999997,2.08,30.68,31.29,46.15,22.019999999999996
17,2,1.9188870412,1.71,32.6,33.0,46.92,22.819999999999997
18,2,2.0025201145,1.98,34.6,34.98,47.55,20.639999999999993
19,2,2.0385004202,1.92,36.64,36.9,48.28,20.009999999999998
20,2,2.071097105199999,2.11,38.71,39.01,48.98,19.439999999999994
21,2,2.0946458562499997,1.98,40.8,40.99,49.75,19.349999999999998
22,2,2.0642371932000008,1.82,42.86,42.81,50.48,21.229999999999997
23,2,2.0640135613000004,2.27,44.92,45.08,51.14,21.749999999999996
24,2,2.0725968208,1.9,46.99,46.98,51.96,22.079999999999995
25,2,2.0756291694999995,2.16,49.07,49.14,52.65,22.439999999999994
26,2,2.1527304674499996,1.88,51.22,51.02,53.43,20.789999999999996
27,2,2.0813829812999995,2.25,53.3,53.27,54.11,23.119999999999994
28,2,2.1595667482,2.23,55.46,55.5,54.92,21.629999999999995
29,2,2.1272482992,1.84,57.59,57.34,55.72,22.879999999999992
30,2,2.1325881352,2.0,59.72,59.34,56.38,23.07999999999999
31,2,2.200204388049999,2.05,61.92,61.39,57.09,21.849999999999994
32,2,2.1461831387,2.45,64.07,63.84,57.82,23.429999999999993
33,2,2.1402068957999996,2.32,66.21,66.16,58.69,23.9
34,2,2.2325439127999998,2.19,68.44,68.35,59.51,22.299999999999997
35,2,2.2174485952,2.35,70.66,70.7,60.28,22.959999999999997
36,2,2.28289522855,2.04,72.94,72.74,61.11,21.889999999999997
37,2,2.235485689449999,2.35,75.18,75.09,61.83,23.189999999999998
38,2,2.27836843675,2.04,77.46,77.13,62.65,22.629999999999995
39,2,2.322445604799999,2.13,79.78,79.26,63.36,21.979999999999997
40,2,2.350993747,2.31,82.13,81.57,64.1,21.659999999999997
41,2,2.346177355299999,2.61,84.48,84.18,64.91,22.079999999999995
42,2,2.3836678655500005,2.21,86.86,86.39,65.81,21.629999999999995
43,2,2.3999662004499993,2.15,89.26,88.54,66.57,21.569999999999997
44,2,2.3482487542999997,2.34,91.61,90.88,67.31,22.839999999999996
45,2,2.3756349001999992,2.22,93.99,93.1,68.12,22.569999999999997
46,2,2.4352646332000005,2.15,96.43,95.25,68.88,21.649999999999995
47,2,2.344266701049999,2.42,98.77,97.67,69.61,23.529999999999998
48,2,2.4340329657999993,2.37,101.2,100.04,70.44,22.15
49,2,2.5249031258000003,2.8,103.72,102.84,71.24,20.589999999999996
50,2,2.526920906799999,2.33,106.25,105.17,72.19,20.86
51,2,2.5364605236999993,2.73,108.79,107.9,72.98,20.91
52,2,2.4521030630499987,2.28,111.24,110.18,73.89,22.689999999999998
53,2,2.4480699567999995,2.34,113.69,112.52,74.66,22.92
54,2,2.407586466799999,2.25,116.1,114.77,75.44,23.71
55,2,2.5087627967999993,2.78,118.61,117.55,76.19,22.22
56,2,2.4642783552,2.17,121.07,119.72,77.12,23.12
57,2,2.4765450667999986,2.68,123.55,122.4,77.84,23.049999999999997
58,2,2.5763657392,2.59,126.13,124.99,78.72,21.580000000000002
59,2,2.4996010557,2.25,128.63,127.24,79.58,22.970000000000002
60,2,2.513360219199999,2.42,131.14,129.66,80.32,22.87
61,2,2.477400613050001,2.34,133.62,132.0,81.11,23.509999999999998
62,2,2.567686292199999,2.28,136.19,134.28,81.87,22.26
63,2,2.571986828199999,2.34,138.76,136.62,82.62,22.3
64,2,2.5519887582000007,2.84,141.31,139.46,83.38,22.7
65,2,2.5124836104999995,2.76,143.82,142.22,84.3,23.37
66,2,2.6001533382999997,2.53,146.42,144.75,85.19,22.2
67,2,2.5739885579999995,2.29,148.99,147.04,86.0,22.67
68,2,2.7249105207999986,2.43,151.71,149.47,86.74,20.44
69,2,2.7459209202999992,2.98,154.46,152.45,87.51,20.200000000000003
70,2,2.6306835833,2.91,157.09,155.36,88.46,22.089999999999996
71,2,2.61503290805,2.79,159.71,158.15,89.39,22.389999999999997
72,2,2.5881685581999996,2.44,162.3,160.59,90.27,22.819999999999997
73,2,2.6860980808,2.69,164.99,163.28,91.04,21.509999999999998
74,2,2.76730759105,2.92,167.76,166.2,91.89,20.369999999999997
75,2,2.8217675199999994,2.65,170.58,168.85,92.8,19.599999999999998
76,2,2.8306546521999985,2.57,173.41,171.42,93.63,19.54
77,2,2.7541668699499993,2.91,176.16,174.33,94.43,20.77
78,2,2.7996462816999994,2.58,178.96,176.91,95.33,20.16
79,2,2.7275949946999987,2.52,181.69,179.43,96.13,21.240000000000002
80,2,2.7488585577999984,2.94,184.44,182.37,96.91,20.98
81,2,2.8301266688,3.0,187.27,185.37,97.81,19.86
82,2,2.8278057351999992,2.75,190.1,188.12,98.73,19.94
83,2,2.7576182009499988,3.03,192.86,191.15,99.57,20.95
84,2,2.8895055875499986,3.14,195.75,194.29,100.49,19.110000000000003
85,2,2.8129447845,2.67,198.56,196.96,101.45,20.240000000000002
86,2,2.7812679654999997,2.78,201.34,199.74,102.25,20.68
87,2,2.874098387799999,2.71,204.21,202.45,103.09,19.42
88,2,3.0033755049999993,2.78,207.21,205.23,103.9,17.500000000000004
89,2,2.808500989449999,2.66,210.02,207.89,104.73,20.330000000000002
90,2,2.89708290345,2.8,212.92,210.69,105.53,19.130000000000003
