floor(cycle / (24 * 60)),pig.id,pig.target_dfi,pig.dfi,pig.target_cfi,pig.cfi,pig.weight,ET
0,9,1.6731098460499996,1.49,1.67,1.49,36.11,18.79
1,9,1.6940951370499993,1.57,3.36,3.06,36.71,18.79
2,9,1.7149206969500002,1.61,5.07,4.67,37.33,18.87
3,9,1.7297923912,1.97,6.8,6.64,37.98,19.56
4,9,1.7684206527999993,2.05,8.57,8.69,38.76,18.32
5,9,1.7949870246999997,1.95,10.36,10.64,39.57,18.44
6,9,1.8136078217499998,1.57,12.17,12.21,40.35,19.13
7,9,1.8341903801999997,2.03,14.0,14.24,40.97,19.1
8,9,1.8711676006999995,2.05,15.87,16.29,41.77,18.12
9,9,1.8860379411999992,1.92,17.76,18.21,42.57,19.060000000000002
10,9,1.8930238754499997,1.77,19.65,19.98,43.33,20.05
11,9,1.9164582331999997,1.88,21.57,21.86,44.02,19.919999999999998
12,9,1.9157712967500002,1.75,23.49,23.61,44.75,20.93
13,9,1.9434233846999998,1.89,25.43,25.5,45.43,20.6
14,9,1.93994923945,1.8,27.37,27.3,46.17,21.529999999999998
15,9,1.9411084627,1.95,29.31,29.25,46.87,22.119999999999994
16,9,1.9643183402,2.15,31.27,31.4,47.62,22.019999999999996
17,9,1.9583129380000002,1.71,33.23,33.11,48.45,22.819999999999997
18,9,2.0452912273,1.96,35.28,35.07,49.11,20.639999999999993
19,9,2.0821406442999995,2.27,37.36,37.34,49.86,20.009999999999998
20,9,2.1196544076999997,2.28,39.48,39.62,50.73,19.439999999999994
21,9,2.14537873,2.12,41.63,41.74,51.6,19.349999999999998
22,9,2.11315515655,2.39,43.74,44.13,52.41,21.229999999999997
23,9,2.1171600620500004,2.11,45.86,46.24,53.31,21.749999999999996
24,9,2.1237528673,2.31,47.98,48.55,54.11,22.079999999999995
25,9,2.129413235199999,2.01,50.11,50.56,54.98,22.439999999999994
26,9,2.2086140683,2.45,52.32,53.01,55.74,20.789999999999996
27,9,2.1367027068000013,2.21,54.46,55.22,56.66,23.119999999999994
28,9,2.21773524155,1.94,56.68,57.16,57.49,21.629999999999995
29,9,2.1798622233,2.35,58.86,59.51,58.21,22.879999999999992
30,9,2.1883306943,2.04,61.05,61.55,59.09,23.07999999999999
31,9,2.2588307168000004,2.43,63.31,63.98,59.84,21.849999999999994
32,9,2.203094245300001,2.19,65.51,66.17,60.74,23.429999999999993
33,9,2.193548669999999,2.44,67.7,68.61,61.55,23.9
34,9,2.2903740949999993,2.04,69.99,70.65,62.45,22.299999999999997
35,9,2.2720497919999993,2.47,72.26,73.12,63.2,22.959999999999997
36,9,2.3404150694999997,2.57,74.6,75.69,64.1,21.889999999999997
37,9,2.2921554628,2.29,76.89,77.98,65.04,23.189999999999998
38,9,2.3355298284499995,2.33,79.23,80.31,65.87,22.629999999999995
39,9,2.3825974007999995,2.48,81.61,82.79,66.71,21.979999999999997
40,9,2.4136103217999993,2.39,84.02,85.18,67.61,21.659999999999997
41,9,2.4068680217,2.7,86.43,87.88,68.47,22.079999999999995
42,9,2.4453494608,2.58,88.88,90.46,69.44,21.629999999999995
43,9,2.462999073799999,2.21,91.34,92.67,70.36,21.569999999999997
44,9,2.4062607095,2.34,93.75,95.01,71.15,22.839999999999996
45,9,2.4333259776999996,2.57,96.18,97.58,71.98,22.569999999999997
46,9,2.4970167174999993,2.34,98.68,99.92,72.9,21.649999999999995
47,9,2.3988543442000005,2.62,101.08,102.54,73.72,23.529999999999998
48,9,2.4933619487499987,2.79,103.57,105.33,74.65,22.15
49,9,2.5910193134500004,2.76,106.16,108.09,75.63,20.589999999999996
50,9,2.5900397427999993,2.39,108.75,110.48,76.59,20.86
51,9,2.5983041984499993,2.55,111.35,113.03,77.43,20.91
52,9,2.5044750905499997,2.22,113.85,115.25,78.31,22.689999999999998
53,9,2.497843223199999,2.48,116.35,117.73,79.08,22.92
54,9,2.4532293592999994,2.44,118.8,120.17,79.94,23.71
55,9,2.559688204199999,2.53,121.36,122.7,80.78,22.22
56,9,2.5088445404999993,2.43,123.87,125.13,81.65,23.12
57,9,2.5207101412000004,2.7,126.39,127.83,82.48,23.049999999999997
58,9,2.6250396579999986,2.65,129.02,130.48,83.4,21.580000000000002
59,9,2.5407179904999997,2.83,131.56,133.31,84.3,22.970000000000002
60,9,2.5547651502999993,2.34,134.11,135.65,85.26,22.87
61,9,2.5140243157499995,2.75,136.62,138.4,86.05,23.509999999999998
62,9,2.6092019761999996,2.4,139.23,140.8,86.98,22.26
63,9,2.6117469501999993,2.47,141.84,143.27,87.78,22.3
64,9,2.5883462538,2.85,144.43,146.12,88.61,22.7
65,9,2.543439525799999,2.62,146.97,148.74,89.56,23.37
66,9,2.6342466646999996,2.88,149.6,151.62,90.43,22.2
67,9,2.6043719196999993,2.55,152.2,154.17,91.38,22.67
68,9,2.7648080527,2.54,154.96,156.71,92.23,20.44
69,9,2.7852632608,2.79,157.75,159.5,93.06,20.200000000000003
70,9,2.65781242645,2.81,160.41,162.31,93.97,22.089999999999996
71,9,2.63811016555,2.87,163.05,165.18,94.89,22.389999999999997
72,9,2.6068404282000004,2.76,165.66,167.94,95.83,22.819999999999997
73,9,2.709559349199999,2.95,168.37,170.89,96.72,21.509999999999998
74,9,2.7945588749499994,2.94,171.16,173.83,97.67,20.369999999999997
75,9,2.8505780332,2.69,174.01,176.52,98.62,19.599999999999998
76,9,2.8574884851999993,3.09,176.87,179.61,99.48,19.54
77,9,2.77249691095,2.69,179.64,182.3,100.47,20.77
78,9,2.8185497616999986,2.67,182.46,184.97,101.33,20.16
79,9,2.7382906266999996,2.69,185.2,187.66,102.17,21.240000000000002
80,9,2.7586519101999984,3.03,187.96,190.69,103.02,20.98
81,9,2.843418206199999,3.11,190.8,193.8,103.98,19.86
82,9,2.837852980799999,2.84,193.64,196.64,104.96,19.94
83,9,2.7593509467999997,2.9,196.4,199.54,105.84,20.95
84,9,2.8988013432499993,2.85,199.3,202.39,106.75,19.110000000000003
85,9,2.8130105397,2.98,202.11,205.37,107.63,20.240000000000002
86,9,2.7761567754999987,3.03,204.89,208.4,108.55,20.68
87,9,2.873370003799999,2.62,207.76,211.02,109.49,19.42
88,9,3.0111797397999998,2.74,210.77,213.76,110.29,17.500000000000004
89,9,2.7973314214499987,3.08,213.57,216.84,111.13,20.330000000000002
90,9,2.88994105995,2.89,216.46,219.73,112.07,19.130000000000003
