floor(cycle / (24 * 60)),pig.id,pig.target_dfi,pig.dfi,pig.target_cfi,pig.cfi,pig.weight,ET
0,2,1.679025499012118,1.64,1.68,1.64,36.65,21.32
1,2,1.5773553192590424,1.42,3.26,3.06,37.31,27.780544150931263
2,2,1.6056012326869251,1.31,4.87,4.37,37.88,27.420544150931264
3,2,1.6412224906347928,1.56,6.51,5.93,38.41,26.84054415093126
4,2,1.6829567864049135,1.63,8.19,7.56,39.03,26.13054415093126
5,2,1.715085096725177,1.77,9.91,9.33,39.68,25.68054415093126
6,2,1.689962763845696,1.78,11.6,11.11,40.39,26.820544150931262
7,2,1.7125898279539502,1.79,13.31,12.9,41.1,26.52054415093126
8,2,1.7489493389696409,1.6,15.06,14.5,41.81,25.85
9,2,1.7122629339754998,1.56,16.77,16.06,42.44,27.02
10,2,1.7530311316490594,1.78,18.52,17.84,43.06,26.25
11,2,1.765186310618333,1.48,20.29,19.32,43.76,26.21
12,2,1.7988282582250692,2.01,22.09,21.33,44.34,25.57
13,2,1.7509979110614804,1.66,23.84,22.99,45.13,27.02
14,2,1.7829032437336942,1.64,25.62,24.63,45.78,26.5
15,2,1.766510340874969,1.82,27.39,26.45,46.42,27.080000000000002
16,2,1.8666113925071601,1.99,29.26,28.44,47.13,24.9
17,2,1.7687806401492656,2.02,31.03,30.46,47.91,27.479999999999997
18,2,1.8006715493998509,1.8,32.83,32.26,48.69,27.019999999999996
19,2,1.8477114154126386,1.58,34.68,33.84,49.39,26.199999999999996
20,2,1.8692517312211738,2.03,36.55,35.87,50.0,25.909999999999997
21,2,1.8724083051756573,2.04,38.42,37.91,50.79,26.090000000000003
22,2,1.8232361393870176,2.05,40.24,39.96,51.57,27.44
23,2,1.8284467542835243,1.56,42.07,41.52,52.36,27.66
24,2,1.7720749497398298,1.75,43.84,43.27,52.96,29.029999999999998
25,2,1.8294668930531912,1.64,45.67,44.91,53.62,28.14
26,2,1.7821797147855691,1.76,47.45,46.67,54.25,29.31
27,2,1.8490314741038654,1.73,49.3,48.4,54.92,28.249999999999996
28,2,1.784997071891739,1.92,51.08,50.32,55.58,29.729999999999997
29,2,1.7588939699217194,2.05,52.84,52.37,56.31,30.479999999999997
30,2,1.813070660811121,1.71,54.65,54.08,57.08,29.709999999999997
31,2,1.8933340099960214,1.69,56.54,55.77,57.73,28.42
32,2,1.9125454232939583,1.88,58.45,57.65,58.36,28.28
33,2,1.9230496051346706,1.88,60.37,59.53,59.07,28.33
34,2,1.9902325127013023,1.74,62.36,61.27,59.77,27.33
35,2,1.9687278338138292,1.97,64.33,63.24,60.42,27.95
36,2,1.9354077206528713,2.05,66.27,65.29,61.16,28.8
37,2,1.9187997294910846,1.7,68.19,66.99,61.92,29.34
38,2,1.8897838469717838,1.89,70.08,68.88,62.55,30.05
39,2,1.9169448263308813,1.77,72.0,70.65,63.25,29.78
40,2,1.9813103662438865,1.86,73.98,72.51,63.91,28.850000000000005
41,2,1.9638345891149904,1.7,75.94,74.21,64.59,29.360000000000003
42,2,1.9357395610120798,1.95,77.88,76.16,65.22,30.03
43,2,1.9814021693316248,2.1,79.86,78.26,65.93,29.45
44,2,2.0096861713392458,1.96,81.87,80.22,66.7,29.19
45,2,2.0105980132535026,1.98,83.88,82.2,67.42,29.38
46,2,1.9359443060252695,1.88,85.82,84.08,68.14,30.830000000000002
47,2,2.0381634251009193,2.13,87.86,86.21,68.82,29.310000000000002
48,2,2.1006483862359606,2.31,89.96,88.52,69.59,28.490000000000002
49,2,2.18447078790318,2.0,92.14,90.52,70.43,27.35
50,2,2.1609316415046917,1.92,94.3,92.44,71.15,27.94
51,2,2.1975107690607203,2.27,96.5,94.71,71.84,27.540000000000003
52,2,2.1343617729299327,2.42,98.63,97.13,72.66,28.78
53,2,2.125873278461794,2.01,100.76,99.14,73.52,29.14
54,2,2.271106172455923,2.16,103.03,101.3,74.24,27.03
55,2,2.282579542754305,2.23,105.31,103.53,75.01,27.060000000000002
56,2,2.170336767200053,2.35,107.48,105.88,75.8,29.02
57,2,2.2302937325627155,2.21,109.71,108.09,76.63,28.3
58,2,2.2561075243112856,2.09,111.97,110.18,77.41,28.099999999999998
59,2,2.155914477504457,2.13,114.13,112.31,78.15,29.81
60,2,2.331843273173817,2.15,116.46,114.46,78.89,27.32
61,2,2.3657903638903894,2.11,118.83,116.57,79.65,27.0
62,2,2.237561038077427,2.51,121.07,119.08,80.38,29.099999999999998
63,2,2.335582566337208,2.16,123.41,121.24,81.26,27.849999999999998
64,2,2.299524608210338,2.54,125.71,123.78,82.01,28.559999999999995
65,2,2.3441296174821233,2.59,128.05,126.37,82.89,28.109999999999996
66,2,2.4167921743248413,2.18,130.47,128.55,83.78,27.259999999999998
67,2,2.4553064922258216,2.63,132.93,131.18,84.53,26.879999999999995
68,2,2.4784636776365714,2.27,135.41,133.45,85.43,26.759999999999998
69,2,2.529076156874042,2.48,137.94,135.93,86.21,26.22
70,2,2.523533460814305,2.67,140.46,138.6,87.06,26.5
71,2,2.4344387428764276,2.24,142.89,140.84,87.96,27.959999999999997
72,2,2.4928243328874933,2.41,145.38,143.25,88.72,27.31
73,2,2.37305305437016,2.22,147.75,145.47,89.54,29.15
74,2,2.384693674320078,2.46,150.13,147.93,90.28,29.14
75,2,2.3720456060294075,2.41,152.5,150.34,91.11,29.48
76,2,2.4785676558206347,2.21,154.98,152.55,91.92,28.189999999999998
77,2,2.3951280730168207,2.37,157.38,154.92,92.66,29.47
78,2,2.4250420078394304,2.53,159.81,157.45,93.45,29.220000000000002
79,2,2.479792087047457,2.5,162.29,159.95,94.29,28.65
80,2,2.4737523265864354,2.61,164.76,162.56,95.11,28.89
81,2,2.452255674845063,2.71,167.21,165.27,95.98,29.340000000000003
82,2,2.3741353395625753,2.27,169.58,167.54,96.87,30.530000000000005
83,2,2.4331453754608794,2.27,172.01,169.81,97.61,29.890000000000004
84,2,2.441012766211285,2.14,174.45,171.95,98.35,29.919999999999998
85,2,2.3902070462894955,2.57,176.84,174.52,99.05,30.700000000000003
86,2,2.428566686745515,2.51,179.27,177.03,99.89,30.349999999999998
87,2,2.43468399434048,2.61,181.7,179.64,100.7,30.41
88,2,2.5190733359571684,2.81,184.22,182.45,101.54,29.48
89,2,2.5038137741136235,2.42,186.72,184.87,102.45,29.83
90,2,2.505556130508536,2.65,189.23,187.52,103.23,29.939999999999998
