floor(cycle / (24 * 60)),pig.id,pig.target_dfi,pig.dfi,pig.target_cfi,pig.cfi,pig.weight,ET
0,15,1.7435117819999997,1.57,1.74,1.57,38.0,15.59
1,15,1.76750814075,1.74,3.51,3.31,38.65,15.59
2,15,1.7889702946999997,1.67,5.3,4.98,39.38,14.77
3,15,1.8208651196999996,1.55,7.12,6.53,40.07,16.4
4,15,1.83834000205,1.61,8.96,8.14,40.71,14.829999999999997
5,15,1.8595551331999995,1.77,10.82,9.91,41.38,14.399999999999999
6,15,1.8886834612999999,1.64,12.71,11.55,42.11,14.8
7,15,1.9145162526999993,1.98,14.62,13.53,42.78,15.309999999999999
8,15,1.94298271105,1.78,16.56,15.31,43.59,15.989999999999998
9,15,1.9674829991999996,1.67,18.53,16.98,44.32,16.07
10,15,1.9897428177999996,2.2,20.52,19.18,45.01,16.299999999999997
11,15,2.0195334175,2.24,22.54,21.42,45.9,16.15
12,15,2.04639574005,1.91,24.59,23.33,46.81,16.61
13,15,2.071053626549999,2.35,26.66,25.68,47.59,16.61
14,15,2.1055450153,2.2,28.77,27.88,48.54,15.89
15,15,2.1172034742,2.03,30.89,29.91,49.42,17.54
16,15,2.1561905887999995,1.92,33.05,31.83,50.24,16.209999999999997
17,15,2.17625054655,2.42,35.23,34.25,51.01,16.549999999999997
18,15,2.2136235151999997,2.25,37.44,36.5,51.97,15.539999999999996
19,15,2.2327752871999995,2.18,39.67,38.68,52.87,16.379999999999992
20,15,2.2649701678,2.41,41.93,41.09,53.74,15.699999999999992
21,15,2.27909971255,2.44,44.21,43.53,54.69,16.789999999999996
22,15,2.31329111125,2.56,46.52,46.09,55.65,16.25
23,15,2.3333033448,2.14,48.85,48.23,56.66,16.759999999999998
24,15,2.351756862999999,2.33,51.2,50.56,57.5,16.98
25,15,2.3966144180499995,2.47,53.6,53.03,58.41,15.649999999999999
26,15,2.4001221001999995,2.53,56.0,55.56,59.38,16.98
27,15,2.4573758337999996,2.71,58.46,58.27,60.36,14.950000000000003
28,15,2.4857822540499996,2.73,60.95,61.0,61.41,14.89
29,15,2.5116277782999994,2.59,63.46,63.59,62.46,14.989999999999998
30,15,2.5220409182999997,2.35,65.98,65.94,63.46,15.889999999999997
31,15,2.5285027518,2.77,68.51,68.71,64.36,16.61
32,15,2.5860176156999986,2.29,71.1,71.0,65.42,14.930000000000001
33,15,2.6076543673,2.62,73.71,73.62,66.29,14.880000000000003
34,15,2.639145171549999,2.88,76.35,76.5,67.29,14.390000000000004
35,15,2.6678208046999994,2.42,79.02,78.92,68.38,14.190000000000001
36,15,2.64955103455,2.82,81.67,81.74,69.29,16.11
37,15,2.6973179807499994,2.43,84.37,84.17,70.35,15.010000000000002
38,15,2.7002973128,2.95,87.07,87.12,71.26,15.72
39,15,2.7478274847999993,2.94,89.82,90.06,72.36,14.64
40,15,2.7311542532999993,2.72,92.55,92.78,73.46,16.189999999999998
41,15,2.764484553949999,2.76,95.31,95.54,74.47,15.69
42,15,2.799166826199999,2.88,98.11,98.42,75.48,15.11
43,15,2.7598193632999988,2.47,100.87,100.89,76.54,17.01
44,15,2.7941474669999993,2.68,103.66,103.57,77.45,16.46
45,15,2.790609135949999,2.8,106.45,106.37,78.43,17.01
46,15,2.8278348517499996,3.09,109.28,109.46,79.45,16.430000000000003
47,15,2.9222329374499996,2.95,112.2,112.41,80.57,13.93
48,15,2.9263965119499984,2.95,115.13,115.36,81.63,14.449999999999998
49,15,2.8917159154999994,2.7,118.02,118.06,82.7,16.03
50,15,2.9107017452999995,2.96,120.93,121.02,83.66,15.889999999999997
51,15,2.9056757152,2.65,123.84,123.67,84.72,16.4
52,15,3.006184689199999,3.17,126.85,126.84,85.67,13.899999999999999
53,15,2.9607243515499997,2.78,129.81,129.62,86.79,15.689999999999998
54,15,3.017703467699999,3.25,132.83,132.87,87.77,14.48
55,15,2.9833732131999997,2.85,135.81,135.72,88.92,15.780000000000001
56,15,3.0588075718,3.16,138.87,138.88,89.91,14.100000000000001
57,15,3.0733930852000007,3.11,141.94,141.99,91.02,14.080000000000002
58,15,3.0934776279999987,3.05,145.03,145.04,92.1,13.879999999999999
59,15,3.0010105027999994,2.94,148.03,147.98,93.16,16.380000000000003
60,15,3.095138200449999,2.96,151.13,150.94,94.17,14.45
61,15,3.0393408320499993,3.28,154.17,154.22,95.19,15.950000000000003
62,15,2.985445816799999,2.7,157.16,156.92,96.31,17.18
63,15,3.0391276206999995,3.04,160.2,159.96,97.23,16.28
64,15,2.9871428303,2.92,163.19,162.88,98.26,17.37
65,15,3.0135579374999995,3.17,166.2,166.05,99.25,17.0
66,15,3.046549391199999,2.82,169.25,168.87,100.32,16.51
67,15,3.040881691199999,2.88,172.29,171.75,101.27,16.7
68,15,3.127559638949999,3.21,175.42,174.96,102.23,15.170000000000002
69,15,3.163336495499999,3.17,178.58,178.13,103.3,14.570000000000002
70,15,3.211309500499999,3.35,181.79,181.48,104.35,13.680000000000005
71,15,3.2021297302999985,3.3,184.99,184.78,105.46,14.010000000000002
72,15,3.167390234799999,3.36,188.16,188.14,106.54,14.8
73,15,3.2409277929999987,3.04,191.4,191.18,107.65,13.420000000000002
74,15,3.1518773047999997,3.18,194.55,194.36,108.64,15.21
75,15,3.1789357149499993,3.4,197.73,197.76,109.67,14.769999999999996
76,15,3.159616989949999,3.12,200.89,200.88,110.77,15.149999999999995
77,15,3.0225412191999985,3.03,203.91,203.91,111.78,17.319999999999997
78,15,3.0052807062499993,2.89,206.92,206.8,112.75,17.55
79,15,3.101765704449999,3.08,210.02,209.88,113.67,16.11
80,15,3.075444818249999,3.19,213.1,213.07,114.65,16.490000000000002
