floor(cycle / (24 * 60)),pig.id,pig.target_dfi,pig.dfi,pig.target_cfi,pig.cfi,pig.weight,ET
0,13,1.6534291198107818,1.61,1.65,1.61,35.84,21.32
1,13,1.5584419154419398,1.36,3.21,2.97,36.5,27.75068396321759
2,13,1.5839873410331407,1.49,4.79,4.46,37.06,27.450683963217593
3,13,1.514320928935717,1.49,6.3,5.95,37.67,29.540683963217592
4,13,1.575792138885409,1.53,7.88,7.48,38.28,28.400683963217592
5,13,1.6295367917466206,1.4,9.51,8.88,38.9,27.450683963217593
6,13,1.6356433112651145,1.69,11.15,10.57,39.47,27.64068396321759
7,13,1.5939588799379203,1.38,12.74,11.95,40.15,29.000683963217593
8,13,1.576923288879501,1.51,14.32,13.46,40.71,29.590683963217593
9,13,1.674034496473421,1.66,15.99,15.12,41.32,27.540683963217592
10,13,1.665561034808654,1.57,17.66,16.69,41.99,27.96068396321759
11,13,1.7237932582725604,1.51,19.38,18.2,42.63,26.810683963217596
12,13,1.7215940795514988,1.77,21.1,19.97,43.23,27.070683963217594
13,13,1.7161426125820745,1.7,22.82,21.67,43.94,27.430683963217593
14,13,1.7812847727101986,1.84,24.6,23.51,44.62,26.130683963217592
15,13,1.8064264293890875,2.04,26.41,25.55,45.36,25.780683963217594
16,13,1.8178338254002289,1.8,28.23,27.35,46.17,25.80068396321759
17,13,1.7630706564851937,1.78,29.99,29.13,46.89,27.30068396321759
18,13,1.7967716912424307,1.54,31.79,30.67,47.59,26.770683963217593
19,13,1.801664839024046,2.09,33.59,32.76,48.2,26.85068396321759
20,13,1.7753864171423128,1.67,35.37,34.43,49.03,27.660683963217593
21,13,1.8273081490426766,1.9,37.2,36.33,49.69,26.74068396321759
22,13,1.826678678491992,1.73,39.03,38.06,50.43,26.970683963217592
23,13,1.865931215356425,1.85,40.9,39.91,51.11,26.34068396321759
24,13,1.845650413227859,1.77,42.75,41.68,51.84,27.09068396321759
25,13,1.8743599471515213,1.64,44.62,43.32,52.53,26.79068396321759
26,13,1.8713364159695998,2.05,46.49,45.37,53.17,27.120683963217587
27,13,1.8451382418591697,1.79,48.34,47.16,53.96,27.96068396321759
28,13,1.860313421086143,1.72,50.2,48.88,54.66,27.93068396321759
29,13,1.8972053444794896,1.71,52.1,50.59,55.32,27.46068396321759
30,13,1.9080894359229492,2.21,54.01,52.8,55.98,27.50068396321759
31,13,1.883278459895629,1.78,55.89,54.58,56.83,28.29068396321759
32,13,1.959507849502142,2.26,57.85,56.84,57.52,27.09068396321759
33,13,2.036864179897606,1.91,59.89,58.75,58.38,25.93068396321759
34,13,1.9394003965723254,1.9,61.83,60.65,59.11,28.04068396321759
35,13,1.8695693445243975,1.86,63.7,62.51,59.84,29.57068396321759
36,13,1.9692720597901856,2.16,65.67,64.67,60.54,27.980683963217587
37,13,1.9943737206367933,1.77,67.66,66.44,61.36,27.800683963217587
38,13,2.037900980205097,2.28,69.7,68.72,62.03,27.240683963217588
39,13,2.0584955566540994,2.13,71.76,70.85,62.89,27.16068396321759
40,13,2.0458619383335743,1.9,73.81,72.75,63.7,27.650683963217592
41,13,2.0868041423308683,2.28,75.9,75.03,64.41,27.16068396321759
42,13,2.167030839002118,2.18,78.07,77.21,65.26,26.03068396321759
43,13,2.056385455221811,1.89,80.13,79.1,66.08,28.21068396321759
44,13,2.048697818359568,1.78,82.18,80.88,66.78,28.550683963217594
45,13,2.1869396789844995,2.13,84.37,83.01,67.44,26.400683963217595
46,13,2.243737928764393,2.39,86.61,85.4,68.23,25.680683963217593
47,13,2.247668827839385,2.11,88.86,87.51,69.12,25.900683963217595
48,13,2.2038920436982217,2.14,91.06,89.65,69.89,26.870683963217594
49,13,2.2623130679306684,2.48,93.32,92.13,70.68,26.14068396321759
50,13,2.160425909564862,2.29,95.48,94.42,71.59,28.07068396321759
51,13,2.225089413596522,2.06,97.71,96.48,72.43,27.26068396321759
52,13,2.209378064774241,1.95,99.92,98.43,73.18,27.720683963217592
53,13,2.2825493400528343,2.28,102.2,100.71,73.89,26.75068396321759
54,13,2.256401936712925,2.55,104.46,103.26,74.71,27.390683963217587
55,13,2.343805694120641,2.39,106.8,105.65,75.64,26.27068396321759
56,13,2.373734200617443,2.32,109.17,107.97,76.5,26.04068396321759
57,13,2.3068280691516123,2.38,111.48,110.35,77.33,27.300683963217587
58,13,2.2890489559851313,2.12,113.77,112.47,78.18,27.79068396321759
59,13,2.4148427825988943,2.66,116.18,115.13,78.94,26.070683963217586
60,13,2.4327473653484737,2.47,118.61,117.6,79.89,26.050683963217587
61,13,2.3080998284370047,2.19,120.92,119.79,80.77,28.140683963217587
62,13,2.2399678034665462,2.39,123.16,122.18,81.54,29.330683963217588
63,13,2.3851127793419598,2.17,125.55,124.35,82.39,27.390683963217587
64,13,2.4146464218582024,2.14,127.96,126.49,83.15,27.140683963217587
65,13,2.5188944357568332,2.7,130.48,129.19,83.9,25.800683963217587
66,13,2.406395911305919,2.56,132.89,131.75,84.85,27.660683963217586
67,13,2.4464893391154288,2.38,135.34,134.13,85.74,27.29068396321759
68,13,2.5518457726185413,2.8,137.89,136.93,86.57,25.98068396321759
69,13,2.5101921998153456,2.22,140.4,139.15,87.54,26.8
70,13,2.560429932553745,2.37,142.96,141.52,88.31,26.270000000000003
71,13,2.6009351195622266,2.88,145.56,144.4,89.12,25.89
72,13,2.5798906351331277,2.48,148.14,146.88,90.11,26.41
73,13,2.60458660053993,2.9,150.74,149.78,90.96,26.26
74,13,2.650638071363824,2.6,153.39,152.38,91.95,25.85
75,13,2.6753544249407417,2.93,156.07,155.31,92.83,25.709999999999997
76,13,2.54904957159386,2.38,158.62,157.69,93.83,27.63
77,13,2.7130056408387953,2.63,161.33,160.32,94.63,25.6
78,13,2.6492411899905766,2.73,163.98,163.05,95.51,26.639999999999997
79,13,2.7211858712947667,2.96,166.7,166.01,96.43,25.880000000000003
80,13,2.647022959060833,2.84,169.35,168.85,97.42,27.060000000000002
81,13,2.8019043452285928,2.64,172.15,171.49,98.37,25.23
82,13,2.6941533791385717,2.6,174.84,174.09,99.24,26.810000000000002
83,13,2.7150986150130607,2.75,177.56,176.84,100.1,26.71
84,13,2.676517106544633,2.72,180.24,179.56,101.01,27.380000000000003
85,13,2.733118576391197,2.81,182.97,182.37,101.9,26.830000000000002
86,13,2.7232163618849086,2.62,185.69,184.99,102.82,27.130000000000003
87,13,2.7360156854849333,2.9,188.43,187.89,103.68,27.130000000000003
88,13,2.739507781674834,2.6,191.17,190.49,104.62,27.26
89,13,2.675901500236076,2.95,193.85,193.44,105.46,28.200000000000006
90,13,2.608135410044298,2.54,196.46,195.98,106.42,29.200000000000003
