floor(cycle / (24 * 60)),pig.id,pig.target_dfi,pig.dfi,pig.target_cfi,pig.cfi,pig.weight,ET
0,16,1.6683677319999997,1.62,1.67,1.62,36.0,15.59
1,16,1.6918737206999992,1.44,3.36,3.06,36.62,15.59
2,16,1.7167568977999996,1.95,5.08,5.01,37.16,17.229999999999997
3,16,1.7434131529999992,1.92,6.82,6.93,37.9,16.619999999999997
4,16,1.7622680747,1.75,8.58,8.68,38.63,14.920000000000002
5,16,1.78806121405,1.73,10.37,10.41,39.29,15.09
6,16,1.8158390193,1.93,12.19,12.34,39.94,16.91
7,16,1.84198286445,1.9,14.03,14.24,40.67,16.31
8,16,1.8651926421999991,2.02,15.9,16.26,41.38,15.34
9,16,1.8926504617999995,1.64,17.79,17.9,42.14,16.54
10,16,1.91088271075,1.65,19.7,19.55,42.75,14.690000000000001
11,16,1.9343044087999999,1.96,21.63,21.51,43.36,15.149999999999999
12,16,1.9601525502999997,1.88,23.59,23.39,44.09,15.719999999999999
13,16,1.9819672340499996,2.23,25.57,25.62,44.79,14.59
14,16,2.0107588413,1.88,27.58,27.5,45.61,15.919999999999998
15,16,2.0348953820499998,1.83,29.61,29.33,46.31,15.149999999999999
16,16,2.0551693387,2.08,31.67,31.41,46.98,16.009999999999998
17,16,2.07854596875,2.24,33.75,33.65,47.75,16.25
18,16,2.0989727271999996,2.25,35.85,35.9,48.57,16.900000000000002
19,16,2.1337866580499996,2.19,37.98,38.09,49.39,15.590000000000002
20,16,2.1425102420499993,2.41,40.12,40.5,50.19,17.35
21,16,2.1872693068,2.27,42.31,42.77,51.06,15.28
22,16,2.2019332788000003,2.5,44.51,45.27,51.89,16.58
23,16,2.2333061120499997,2.53,46.74,47.8,52.79,16.11
24,16,2.2641542469999996,2.29,49.0,50.09,53.7,15.66
25,16,2.281148398949999,2.23,51.28,52.32,54.53,16.31
26,16,2.3054911371999998,2.3,53.59,54.62,55.32,16.14
27,16,2.3277865674999996,2.45,55.92,57.07,56.15,16.2
28,16,2.3556275961999984,2.36,58.28,59.43,57.02,15.899999999999999
29,16,2.390897066299999,2.54,60.67,61.97,57.86,14.77
30,16,2.4050753128,2.16,63.08,64.13,58.76,15.719999999999999
31,16,2.4367084431999992,2.23,65.52,66.36,59.52,14.77
32,16,2.4427912532999994,2.46,67.96,68.82,60.31,15.920000000000002
33,16,2.4511910031999995,2.62,70.41,71.44,61.17,16.66
34,16,2.5101960618,2.69,72.92,74.13,62.09,14.3
35,16,2.5178303159499986,2.44,75.44,76.57,63.03,15.530000000000005
36,16,2.5560844172,2.74,78.0,79.31,63.88,14.340000000000003
37,16,2.5865382869499993,2.38,80.59,81.69,64.83,13.77
38,16,2.5838647903,2.86,83.17,84.55,65.66,15.39
39,16,2.619052666799999,2.85,85.79,87.4,66.64,14.69
40,16,2.6165347222000004,2.81,88.41,90.21,67.62,15.979999999999997
41,16,2.6118320017999994,2.7,91.02,92.91,68.59,16.979999999999997
42,16,2.618708633799999,2.55,93.64,95.46,69.51,17.380000000000003
43,16,2.6358317301999987,2.81,96.28,98.27,70.38,17.380000000000003
44,16,2.6951028761999996,2.91,98.98,101.18,71.33,15.98
45,16,2.7526554911999996,2.53,101.73,103.71,72.32,14.36
46,16,2.7375426157,2.64,104.47,106.35,73.17,15.76
47,16,2.7804807518,2.61,107.25,108.96,74.06,14.739999999999998
48,16,2.7886442509500005,2.56,110.04,111.52,74.93,15.110000000000001
49,16,2.7850204360500004,2.5,112.83,114.02,75.79,15.829999999999998
50,16,2.8186071322000004,2.97,115.65,116.99,76.62,15.179999999999998
51,16,2.8270252655499992,2.63,118.48,119.62,77.61,15.509999999999998
52,16,2.8220760951999986,2.71,121.3,122.33,78.48,16.14
53,16,2.875677959449999,2.95,124.18,125.28,79.37,14.889999999999999
54,16,2.9159266978,2.96,127.1,128.24,80.34,14.020000000000001
55,16,2.8806592920499994,2.93,129.98,131.17,81.31,15.750000000000004
56,16,2.8481377586999983,2.58,132.83,133.75,82.27,17.0
57,16,2.907828285049999,3.13,135.74,136.88,83.11,15.75
58,16,2.9134595781999995,3.11,138.65,139.99,84.12,15.989999999999998
59,16,2.9968171571999997,3.06,141.65,143.05,85.13,13.939999999999998
60,16,2.9699747912999994,3.14,144.62,146.19,86.11,15.199999999999998
61,16,3.0081573831999995,3.14,147.63,149.33,87.12,14.499999999999995
62,16,3.011868577199999,2.71,150.64,152.04,88.12,14.779999999999998
63,16,3.014381298699999,2.9,153.65,154.94,88.98,15.009999999999996
64,16,3.0025396094999994,3.06,156.65,158.0,89.9,15.59
65,16,2.9315074739500004,2.89,159.58,160.89,90.87,17.37
66,16,2.9953215341999995,3.2,162.58,164.09,91.78,16.22
67,16,3.0642104307999993,3.33,165.64,167.42,92.79,14.86
68,16,3.1043491106999994,3.34,168.74,170.76,93.83,14.119999999999997
69,16,3.089537014699999,2.81,171.83,173.57,94.87,14.759999999999996
70,16,3.1284562612999984,3.02,174.96,176.59,95.74,14.010000000000002
71,16,3.152868641199999,3.25,178.11,179.84,96.68,13.620000000000001
72,16,3.076587821199999,3.06,181.19,182.9,97.68,15.59
73,16,3.0922461296999995,2.96,184.28,185.86,98.62,15.41
74,16,3.1178205952,3.21,187.4,189.07,99.52,15.009999999999994
75,16,3.170366609499999,3.14,190.57,192.21,100.5,14.010000000000002
76,16,3.110403492999998,2.82,193.68,195.03,101.45,15.420000000000002
77,16,3.1429190470499995,3.19,196.82,198.22,102.31,14.870000000000003
78,16,3.05011723495,2.76,199.87,200.98,103.27,16.69
79,16,3.070027029999999,3.26,202.94,204.24,104.1,16.4
80,16,2.97859686495,3.27,205.92,207.51,105.07,17.93
