floor(cycle / (24 * 60)),pig.id,pig.target_dfi,pig.dfi,pig.target_cfi,pig.cfi,pig.weight,ET
0,1,1.6730382501900531,1.44,1.67,1.44,36.46,21.32
1,1,1.5300879151094313,1.38,3.2,2.82,37.04,28.796762329994166
2,1,1.4929618762719232,1.58,4.69,4.4,37.6,30.016762329994165
3,1,1.5116121213974332,1.43,6.2,5.83,38.24,29.916762329994164
4,1,1.5598042373316314,1.86,7.76,7.69,38.82,29.086762329994162
5,1,1.534561415587093,1.6,9.29,9.29,39.56,30.07
6,1,1.5327312444644807,1.75,10.82,11.04,40.21,30.44
7,1,1.6001537606125458,1.76,12.42,12.8,40.91,29.12
8,1,1.6034488837249825,1.63,14.02,14.43,41.61,29.26
9,1,1.597017394024577,1.46,15.62,15.89,42.26,29.6
10,1,1.6594173576527491,1.42,17.28,17.31,42.84,28.369999999999997
11,1,1.6560454002859812,1.53,18.94,18.84,43.41,28.619999999999997
12,1,1.6681680569760164,1.51,20.61,20.35,44.01,28.53
13,1,1.6748622532736164,1.67,22.28,22.02,44.61,28.56
14,1,1.7397118191989753,1.75,24.02,23.77,45.27,27.319999999999997
15,1,1.6526078436243548,1.51,25.67,25.28,45.96,29.429999999999996
16,1,1.7028819680888712,2.0,27.37,27.28,46.55,28.509999999999998
17,1,1.7038853397247125,1.8,29.07,29.08,47.34,28.709999999999994
18,1,1.6878943620212057,1.83,30.76,30.91,48.04,29.24
19,1,1.6745350855111298,1.7,32.43,32.61,48.76,29.71
20,1,1.6417655209282085,1.73,34.07,34.34,49.42,30.560000000000002
21,1,1.7077405682454494,1.5,35.78,35.84,50.09,29.36
22,1,1.6589205020665547,1.49,37.44,37.33,50.67,30.509999999999998
23,1,1.6559509639527965,1.46,39.1,38.79,51.25,30.73
24,1,1.7167218981532328,1.74,40.82,40.53,51.82,29.71
25,1,1.7949395989693147,1.9,42.61,42.43,52.49,28.39
26,1,1.8206566305116743,1.55,44.43,43.98,53.22,28.16
27,1,1.754703825141177,2.01,46.18,45.99,53.81,29.69
28,1,1.8312689299484588,2.02,48.01,48.01,54.58,28.47
29,1,1.825807631483246,1.67,49.84,49.68,55.35,28.86
30,1,1.8137954203622098,2.05,51.65,51.73,55.99,29.320000000000004
31,1,1.8111973636214203,1.58,53.46,53.31,56.77,29.64
32,1,1.8203810036311432,1.66,55.28,54.97,57.37,29.67
33,1,1.8268148147326806,1.54,57.11,56.51,58.0,29.76
34,1,1.771918465351362,1.77,58.88,58.28,58.58,30.970000000000002
35,1,1.8613638102462482,1.84,60.74,60.12,59.25,29.529999999999998
36,1,1.8319804349878537,1.76,62.57,61.88,59.94,30.29
37,1,1.910491121200885,1.85,64.48,63.73,60.6,29.069999999999997
38,1,1.8455479158012866,2.06,66.33,65.79,61.29,30.46
39,1,1.8803444343502635,1.73,68.21,67.52,62.06,30.07
40,1,1.9218413510688106,1.66,70.13,69.18,62.71,29.529999999999998
41,1,1.9283627848108995,1.97,72.06,71.15,63.32,29.599999999999998
42,1,1.928805490151023,2.22,73.99,73.37,64.05,29.81
43,1,1.958394498315124,1.68,75.95,75.05,64.88,29.54
44,1,1.927590697600426,2.14,77.88,77.19,65.5,30.25
45,1,1.9104717519441983,2.12,79.79,79.31,66.28,30.76
46,1,1.9424740967100493,2.16,81.73,81.47,67.06,30.430000000000003
47,1,2.048177285343572,1.99,83.78,83.46,67.85,28.87
48,1,1.9831273595121781,1.98,85.76,85.44,68.58,30.16
49,1,2.041301516721246,2.19,87.8,87.63,69.3,29.39
50,1,1.9788943924143048,1.87,89.78,89.5,70.1,30.630000000000003
51,1,2.0753110337285037,2.03,91.86,91.53,70.77,29.229999999999997
52,1,2.046062023646496,1.76,93.91,93.29,71.51,29.9
53,1,2.0903164312366984,2.15,96.0,95.44,72.14,29.349999999999998
54,1,2.2122907053783805,1.92,98.21,97.36,72.91,27.599999999999998
55,1,2.2385983554216455,2.14,100.45,99.5,73.6,27.369999999999997
56,1,2.190407039750714,2.31,102.64,101.81,74.37,28.34
57,1,2.2065565663994113,2.08,104.85,103.89,75.19,28.3
58,1,2.1653403060196514,2.07,107.02,105.96,75.93,29.13
59,1,2.1790934645792905,2.19,109.2,108.15,76.67,29.1
60,1,2.243554070728143,2.2,111.44,110.35,77.44,28.299999999999997
61,1,2.283847531754763,2.34,113.72,112.69,78.22,27.879999999999995
62,1,2.3026348695864707,2.31,116.02,115.0,79.04,27.799999999999997
63,1,2.192601761681717,1.96,118.21,116.96,79.85,29.65
64,1,2.2085168152400856,2.14,120.42,119.1,80.54,29.57
65,1,2.2157619835435582,2.15,122.64,121.25,81.28,29.63
66,1,2.221019288729061,2.03,124.86,123.28,82.03,29.72
67,1,2.2939114571514674,2.02,127.15,125.3,82.74,28.809999999999995
68,1,2.302704519325198,2.43,129.45,127.73,83.44,28.839999999999996
69,1,2.367564355451357,2.17,131.82,129.9,84.28,28.089999999999996
70,1,2.3987281644361387,2.63,134.22,132.53,85.02,27.81
71,1,2.3716428268668173,2.3,136.59,134.83,85.92,28.399999999999995
72,1,2.483991656999179,2.19,139.07,137.02,86.71,26.979999999999997
73,1,2.4862230241058767,2.31,141.56,139.33,87.46,27.119999999999997
74,1,2.445222759657019,2.61,144.01,141.94,88.24,27.869999999999997
75,1,2.469859010109311,2.64,146.48,144.58,89.13,27.72
76,1,2.4699640491347568,2.36,148.95,146.94,90.02,27.91
77,1,2.335619661349204,2.37,151.29,149.31,90.81,29.919999999999998
78,1,2.366803084768555,2.33,153.66,151.64,91.61,29.65
79,1,2.386820619272934,2.45,156.05,154.09,92.39,29.529999999999998
80,1,2.3829728205951,2.62,158.43,156.71,93.21,29.74
81,1,2.3586649017682095,2.23,160.79,158.94,94.08,30.23
82,1,2.4041950654043323,2.52,163.19,161.46,94.82,29.76
83,1,2.350077163268944,2.63,165.54,164.09,95.65,30.630000000000003
84,1,2.4812005659752088,2.44,168.02,166.53,96.52,29.060000000000002
85,1,2.508682255216801,2.78,170.53,169.31,97.32,28.85
86,1,2.470926169349864,2.69,173.0,172.0,98.23,29.509999999999998
87,1,2.5637075220300853,2.66,175.56,174.66,99.11,28.470000000000002
88,1,2.517679155262106,2.45,178.08,177.11,99.97,29.220000000000002
89,1,2.52806011033867,2.68,180.61,179.79,100.77,29.23
90,1,2.570740418060595,2.29,183.18,182.08,101.63,28.84
