floor(cycle / (24 * 60)),pig.id,pig.target_dfi,pig.dfi,pig.target_cfi,pig.cfi,pig.weight,ET
0,13,1.8136996480935306,1.54,1.81,1.54,39.0,21.32
1,13,1.8449732160000003,2.14,3.65,3.68,39.62,21.32
2,13,1.849629970896787,1.75,5.5,5.43,40.48,22.11
3,13,1.867566914928147,1.64,7.37,7.07,41.19,21.999999999999996
4,13,1.913637207450728,1.77,9.28,8.84,41.84,20.689999999999998
5,13,1.8843906410990476,1.71,11.16,10.55,42.55,22.379999999999995
6,13,1.91274084991114,1.99,13.07,12.54,43.23,21.88
7,13,1.947208797338155,1.76,15.02,14.3,44.02,21.200000000000003
8,13,1.9685435310572426,1.88,16.99,16.18,44.72,20.92
9,13,1.9761768445446748,1.82,18.97,18.0,45.47,21.200000000000003
10,13,1.9681601657940813,2.09,20.94,20.09,46.19,21.95
11,13,2.0467632540477845,1.97,22.99,22.06,47.01,19.53
12,13,1.9918745925459493,1.88,24.98,23.94,47.78,22.12
13,13,2.0504738532216273,2.25,27.03,26.19,48.52,20.62
14,13,2.03084164065048,2.27,29.06,28.46,49.4,21.810000000000002
15,13,2.0916185270675256,2.02,31.15,30.48,50.29,20.310000000000002
16,13,2.06020497995,1.91,33.21,32.39,51.07,21.810000000000002
17,13,2.0935614920499996,2.08,35.3,34.47,51.81,21.369999999999997
18,13,2.0983737997,2.4,37.4,36.87,52.62,21.810000000000002
19,13,2.0960946622999996,1.82,39.5,38.69,53.54,22.450000000000003
20,13,2.1934473087999993,2.3,41.69,40.99,54.24,20.12
21,13,2.1786181147000003,1.98,43.87,42.97,55.13,21.24
22,13,2.1917475231999997,2.35,46.06,45.32,55.88,21.36
23,13,2.1783490842,2.09,48.24,47.41,56.78,22.219999999999995
24,13,2.1797410907000003,1.93,50.42,49.34,57.58,22.589999999999996
25,13,2.23720888305,1.99,52.66,51.33,58.31,21.59
26,13,2.1457991943,1.88,54.81,53.21,59.06,23.93
27,13,2.24794014195,2.32,57.06,55.53,59.77,22.07
28,13,2.254568300499999,2.45,59.31,57.98,60.65,22.32
29,13,2.2128363071999995,2.44,61.52,60.42,61.57,23.54
30,13,2.3124938531999994,2.24,63.83,62.66,62.48,21.83
31,13,2.317048571199999,2.34,66.15,65.0,63.32,22.08
32,13,2.1603810862999993,2.44,68.31,67.44,64.19,25.240000000000002
33,13,2.131701621799999,2.11,70.44,69.55,65.09,25.9
34,13,2.0951777907,1.83,72.54,71.38,65.87,26.6
35,13,2.172741328249999,2.26,74.71,73.64,66.55,25.59
36,13,2.0610526222,2.31,76.77,75.95,67.38,27.34
37,13,2.062751739950001,1.97,78.83,77.92,68.23,27.45
38,13,2.0242906137500007,1.98,80.85,79.9,68.95,28.05
39,13,2.060906825699999,2.22,82.91,82.12,69.67,27.68
40,13,2.112612675199999,2.13,85.02,84.25,70.48,27.12
41,13,2.16517940425,2.3,87.19,86.55,71.25,26.529999999999998
42,13,2.1497612091999994,1.96,89.34,88.51,72.08,26.85
43,13,2.2278660747999997,2.36,91.57,90.87,72.79,25.9
44,13,2.2534511898,2.28,93.82,93.15,73.64,25.67
45,13,2.2777651573000006,2.21,96.1,95.36,74.46,25.45
46,13,2.1528498530000006,2.19,98.25,97.55,75.25,27.179999999999996
47,13,2.0702543317,1.95,100.32,99.5,76.03,28.24
48,13,2.150456689949999,2.39,102.47,101.89,76.73,27.35
49,13,2.2242361266999984,2.05,104.69,103.94,77.57,26.520000000000003
50,13,2.328937312,2.05,107.02,105.99,78.3,25.240000000000002
51,13,2.2102984581999996,2.25,109.23,108.24,79.02,26.82
52,13,2.2129859796999996,2.09,111.44,110.33,79.82,26.85
53,13,2.3428857107500005,2.53,113.78,112.86,80.55,25.29
54,13,2.2749234812,2.32,116.05,115.18,81.43,26.22
55,13,2.1816004287999995,2.26,118.23,117.44,82.24,27.37
56,13,2.1939103454499986,2.35,120.42,119.79,83.03,27.270000000000003
57,13,2.2686088112499987,2.2,122.69,121.99,83.85,26.450000000000003
58,13,2.0683000610499995,1.97,124.76,123.96,84.61,28.69
59,13,2.2202925845499992,2.29,126.98,126.25,85.29,27.07
60,13,2.18824320595,2.01,129.17,128.26,86.07,27.45
61,13,2.1337242477999996,2.0,131.3,130.26,86.76,28.05
62,13,2.1904694919999996,2.27,133.49,132.53,87.45,27.46
63,13,2.194623106699999,2.41,135.68,134.94,88.22,27.43
64,13,2.1682200207999993,2.06,137.85,137.0,89.04,27.72
65,13,2.334592038799998,2.1,140.18,139.1,89.74,25.919999999999998
66,13,2.298380182,2.28,142.48,141.38,90.45,26.34
67,13,2.3175285301999997,2.51,144.8,143.89,91.22,26.14
68,13,2.2563377999500003,2.51,147.06,146.4,92.07,26.81
69,13,2.3262999448,2.19,149.39,148.59,92.91,26.060000000000002
70,13,2.1198190217999997,2.21,151.51,150.8,93.64,28.190000000000005
71,13,2.2313645182,2.52,153.74,153.32,94.38,27.060000000000002
72,13,2.140059940299999,2.32,155.88,155.64,95.21,27.960000000000004
73,13,2.2358410227,2.53,158.12,158.17,95.98,26.990000000000002
74,13,2.1624550522,2.15,160.28,160.32,96.82,27.700000000000003
75,13,2.1612972254500002,1.99,162.44,162.31,97.53,27.69
76,13,2.2144263697,2.03,164.65,164.34,98.18,27.15
77,13,2.124057636799999,2.15,166.77,166.49,98.84,28.000000000000004
78,13,2.1273417069999985,2.02,168.9,168.51,99.55,27.94
79,13,2.145575722,2.19,171.05,170.7,100.2,27.740000000000002
80,13,2.1453161781999994,1.85,173.2,172.55,100.92,27.71
81,13,2.2200668332000006,2.18,175.42,174.73,101.52,26.97
82,13,2.287480239199999,2.01,177.71,176.74,102.22,26.28
83,13,2.2764477846999993,2.53,179.99,179.27,102.87,26.360000000000003
84,13,2.0892323391999996,1.98,182.08,181.25,103.68,28.080000000000002
85,13,2.1861800671999996,2.18,184.27,183.43,104.32,27.150000000000002
86,13,2.1656766427999994,2.26,186.44,185.69,105.01,27.3
87,13,2.10029417245,2.3,188.54,187.99,105.73,27.849999999999998
88,13,2.1170215472999994,2.06,190.66,190.05,106.46,27.65
89,13,2.1671161132,1.98,192.83,192.03,107.12,27.150000000000002
90,13,2.050201720299999,2.02,194.88,194.05,107.74,28.150000000000002
