floor(cycle / (24 * 60)),pig.id,pig.target_dfi,pig.dfi,pig.target_cfi,pig.cfi,pig.weight,ET
0,14,1.857624055727255,2.09,1.86,2.09,41.0,21.32
1,14,1.8983534657472552,1.8,3.76,3.89,41.81,21.32
2,14,1.891401012440627,1.61,5.65,5.5,42.5,22.11
3,14,1.9070817822910666,1.71,7.56,7.21,43.12,21.999999999999996
4,14,1.9546350972600843,2.2,9.51,9.41,43.77,20.689999999999998
5,14,1.9246750653147953,1.71,11.43,11.12,44.61,22.379999999999995
6,14,1.9526448485300503,2.25,13.38,13.37,45.26,21.88
7,14,1.9888656885948441,1.77,15.37,15.14,46.12,21.200000000000003
8,14,2.009451527816153,2.22,17.38,17.36,46.79,20.92
9,14,2.017637458349876,2.27,19.4,19.63,47.63,21.200000000000003
10,14,2.0101769454203833,1.89,21.41,21.52,48.49,21.95
11,14,2.0902683149325947,2.29,23.5,23.81,49.2,19.53
12,14,2.0316907819115304,2.32,25.53,26.13,50.06,22.12
13,14,2.094546825016517,1.94,27.62,28.07,50.93,20.62
14,14,2.0748736573,2.29,29.69,30.36,51.66,21.810000000000002
15,14,2.14411498205,1.91,31.83,32.27,52.51,20.310000000000002
16,14,2.1128301967,2.28,33.94,34.55,53.22,21.810000000000002
17,14,2.14888903795,2.42,36.09,36.97,54.07,21.369999999999997
18,14,2.153748062799999,1.95,38.24,38.92,54.96,21.810000000000002
19,14,2.1446331472,1.91,40.38,40.83,55.68,22.450000000000003
20,14,2.2457458271999995,2.47,42.63,43.3,56.38,20.12
21,14,2.2282617403000002,2.1,44.86,45.4,57.29,21.24
22,14,2.2407962587999997,2.07,47.1,47.47,58.06,21.36
23,14,2.2218281141999996,2.07,49.32,49.54,58.82,22.219999999999995
24,14,2.2207280759500003,2.26,51.54,51.8,59.57,22.589999999999996
25,14,2.2811304230500005,2.15,53.82,53.95,60.39,21.59
26,14,2.1851008244499996,1.98,56.01,55.93,61.17,23.93
27,14,2.2902379685499996,2.08,58.3,58.01,61.89,22.07
28,14,2.2930222047999997,2.49,60.59,60.5,62.64,22.32
29,14,2.2476761891999995,2.42,62.84,62.92,63.53,23.54
30,14,2.3487416579999993,2.09,65.19,65.01,64.4,21.83
31,14,2.3504656704999993,2.11,67.54,67.12,65.15,22.08
32,14,2.1860459119999995,2.21,69.73,69.33,65.9,25.240000000000002
33,14,2.1540945657999995,2.05,71.88,71.38,66.69,25.9
34,14,2.1151875343,2.1,74.0,73.48,67.41,26.6
35,14,2.1945594928,2.22,76.19,75.7,68.16,25.59
36,14,2.0791090137999997,1.97,78.27,77.67,68.94,27.34
37,14,2.0782846769499996,2.31,80.35,79.98,69.63,27.45
38,14,2.0395502262500003,2.06,82.39,82.04,70.45,28.05
39,14,2.0761338056999996,1.87,84.47,83.91,71.17,27.68
40,14,2.1264094491999996,2.05,86.6,85.96,71.82,27.12
41,14,2.178673507300001,2.39,88.78,88.35,72.54,26.529999999999998
42,14,2.1623538344499993,2.16,90.94,90.51,73.37,26.85
43,14,2.2415098531999993,2.02,93.18,92.53,74.12,25.9
44,14,2.2653493716999997,2.12,95.45,94.65,74.82,25.67
45,14,2.28855496375,2.0,97.74,96.65,75.55,25.45
46,14,2.1607421528,1.98,99.9,98.63,76.24,27.179999999999996
47,14,2.0761770591999995,1.91,101.98,100.54,76.92,28.24
48,14,2.156441290949999,2.23,104.14,102.77,77.57,27.35
49,14,2.2299197106999986,2.34,106.37,105.11,78.33,26.520000000000003
50,14,2.335789534699999,2.39,108.71,107.5,79.13,25.240000000000002
51,14,2.2162341418000002,2.35,110.93,109.85,79.94,26.82
52,14,2.2185331702999993,2.4,113.15,112.25,80.74,26.85
53,14,2.34994278575,2.09,115.5,114.34,81.55,25.29
54,14,2.2797582477999994,2.52,117.78,116.86,82.26,26.22
55,14,2.185366880499999,2.19,119.97,119.05,83.1,27.37
56,14,2.1972248127999987,2.47,122.17,121.52,83.84,27.270000000000003
57,14,2.2721946043,2.21,124.44,123.73,84.66,26.450000000000003
58,14,2.0699075569999996,2.14,126.51,125.87,85.4,28.69
59,14,2.22287847505,2.25,128.73,128.12,86.11,27.07
60,14,2.1901650113,2.21,130.92,130.33,86.86,27.45
61,14,2.135002800549999,2.42,133.06,132.75,87.59,28.05
62,14,2.1920720698,2.28,135.25,135.03,88.39,27.46
63,14,2.1958710912999995,2.2,137.45,137.23,89.14,27.43
64,14,2.1688058287999996,1.96,139.62,139.19,89.86,27.72
65,14,2.336118057999999,2.14,141.96,141.33,90.5,25.919999999999998
66,14,2.2993406319999994,2.23,144.26,143.56,91.2,26.34
67,14,2.318293679199999,2.56,146.58,146.12,91.92,26.14
68,14,2.2563877357499997,2.01,148.84,148.13,92.75,26.81
69,14,2.3264898498,2.48,151.17,150.61,93.41,26.060000000000002
70,14,2.1187243795499997,2.03,153.29,152.64,94.21,28.190000000000005
71,14,2.230767431799999,2.36,155.52,155.0,94.86,27.060000000000002
72,14,2.139055887199999,2.25,157.66,157.25,95.62,27.960000000000004
73,14,2.2351420773,2.07,159.9,159.32,96.34,26.990000000000002
74,14,2.1619235499999996,2.36,162.06,161.68,97.0,27.700000000000003
75,14,2.16057026075,2.0,164.22,163.68,97.75,27.69
76,14,2.21376788005,2.48,166.43,166.16,98.39,27.15
77,14,2.1226523416999994,2.18,168.55,168.34,99.17,28.000000000000004
78,14,2.1259311697999994,2.25,170.68,170.59,99.86,27.94
79,14,2.1438346721999997,2.38,172.82,172.97,100.57,27.740000000000002
80,14,2.1432995561999997,1.89,174.96,174.86,101.32,27.71
81,14,2.218246455549999,2.11,177.18,176.97,101.91,26.97
82,14,2.2859469486999995,2.27,179.47,179.24,102.57,26.28
83,14,2.2744843151999983,2.21,181.74,181.45,103.28,26.360000000000003
84,14,2.0872859316999994,2.06,183.83,183.51,103.97,28.080000000000002
85,14,2.184385377549999,2.15,186.01,185.66,104.61,27.150000000000002
86,14,2.163945716199999,2.37,188.17,188.03,105.27,27.3
87,14,2.0982659500000005,2.21,190.27,190.24,106.0,27.849999999999998
88,14,2.1153320121999992,1.93,192.39,192.17,106.68,27.65
89,14,2.1659097651999986,2.38,194.56,194.55,107.28,27.150000000000002
90,14,2.047920699999999,2.15,196.61,196.7,108.0,28.150000000000002
