floor(cycle / (24 * 60)),pig.id,pig.target_dfi,pig.dfi,pig.target_cfi,pig.cfi,pig.weight,ET
0,2,1.857624055727255,2.11,1.86,2.11,41.0,21.32
1,2,1.8983534657472552,2.19,3.76,4.3,41.81,21.32
2,2,1.8944315163809335,1.97,5.65,6.27,42.65,22.11
3,2,1.9126792620801456,1.96,7.56,8.23,43.4,21.999999999999996
4,2,1.9623069725492193,2.06,9.52,10.29,44.14,20.689999999999998
5,2,1.9305782499850594,2.06,11.45,12.35,44.92,22.379999999999995
6,2,1.9610585463426888,1.78,13.41,14.13,45.7,21.88
7,2,1.9938899612345429,1.75,15.4,15.88,46.38,21.200000000000003
8,2,2.014266223748055,2.07,17.41,17.95,47.04,20.92
9,2,2.021001641887985,1.88,19.43,19.83,47.81,21.200000000000003
10,2,2.01071004598654,2.04,21.44,21.87,48.52,21.95
11,2,2.0918180130805455,2.19,23.53,24.06,49.28,19.53
12,2,2.032369615237082,2.2,25.56,26.26,50.1,22.12
13,2,2.0943690831493766,2.08,27.65,28.34,50.92,20.62
14,2,2.07561492805,2.21,29.73,30.55,51.69,21.810000000000002
15,2,2.14411498205,2.09,31.87,32.64,52.51,20.310000000000002
16,2,2.1142660552,2.37,33.98,35.01,53.28,21.810000000000002
17,2,2.15080129675,2.16,36.13,37.17,54.15,21.369999999999997
18,2,2.1535171757500002,2.28,38.28,39.45,54.95,21.810000000000002
19,2,2.1468459726999995,2.2,40.43,41.65,55.78,22.450000000000003
20,2,2.2507560302999994,2.11,42.68,43.76,56.59,20.12
21,2,2.2298320048,2.1,44.91,45.86,57.36,21.24
22,2,2.2421130271999994,2.29,47.15,48.15,58.12,21.36
23,2,2.2245291579999997,2.47,49.37,50.62,58.95,22.219999999999995
24,2,2.2261384048,2.06,51.6,52.68,59.84,22.589999999999996
25,2,2.2850359556999997,2.02,53.89,54.7,60.58,21.59
26,2,2.18763071055,2.41,56.08,57.11,61.31,23.93
27,2,2.2958513636999993,2.21,58.38,59.32,62.18,22.07
28,2,2.2992098797,2.26,60.68,61.58,62.97,22.32
29,2,2.251811881199999,2.23,62.93,63.81,63.77,23.54
30,2,2.3518633399499995,2.58,65.28,66.39,64.57,21.83
31,2,2.3563156431999994,2.11,67.64,68.5,65.48,22.08
32,2,2.1908324927,2.42,69.83,70.92,66.23,25.240000000000002
33,2,2.1593611491999996,2.19,71.99,73.11,67.08,25.9
34,2,2.1206894175,2.37,74.11,75.48,67.85,26.6
35,2,2.2013327762,2.19,76.31,77.67,68.68,25.59
36,2,2.0847513069999994,2.29,78.39,79.96,69.45,27.34
37,2,2.08485420625,1.86,80.47,81.82,70.25,27.45
38,2,2.04381554005,2.17,82.51,83.99,70.89,28.05
39,2,2.0807716904999993,1.8,84.59,85.79,71.65,27.68
40,2,2.130843735699999,2.05,86.72,87.84,72.27,27.12
41,2,2.1830881306999994,2.42,88.9,90.26,72.98,26.529999999999998
42,2,2.1664609770500003,2.06,91.07,92.32,73.81,26.85
43,2,2.2454423212,2.38,93.32,94.7,74.52,25.9
44,2,2.2703742903,2.01,95.59,96.71,75.34,25.67
45,2,2.2930263486999993,2.36,97.88,99.07,76.02,25.45
46,2,2.1652153912000003,2.29,100.05,101.36,76.83,27.179999999999996
47,2,2.0804995573,2.29,102.13,103.65,77.61,28.24
48,2,2.161882040699999,2.29,104.29,105.94,78.38,27.35
49,2,2.2358008167999985,2.23,106.53,108.17,79.16,26.520000000000003
50,2,2.3419187902999994,2.61,108.87,110.78,79.91,25.240000000000002
51,2,2.221346585799999,2.51,111.09,113.29,80.79,26.82
52,2,2.2235015819499986,1.93,113.31,115.22,81.63,26.85
53,2,2.3547179949500006,2.36,115.66,117.58,82.27,25.29
54,2,2.284096175799999,2.02,117.94,119.6,83.06,26.22
55,2,2.18789416645,2.26,120.13,121.86,83.73,27.37
56,2,2.1996144351999996,1.93,122.33,123.79,84.48,27.270000000000003
57,2,2.2740866831999997,2.29,124.6,126.08,85.12,26.450000000000003
58,2,2.0707176419499995,2.34,126.67,128.42,85.87,28.69
59,2,2.2243731148,2.05,128.89,130.47,86.64,27.07
60,2,2.1911420121999994,2.36,131.08,132.83,87.32,27.45
61,2,2.13560875805,1.95,133.22,134.78,88.09,28.05
62,2,2.1925442311999994,1.95,135.41,136.73,88.73,27.46
63,2,2.196107574799999,2.18,137.61,138.91,89.36,27.43
64,2,2.1689024267,2.29,139.78,141.2,90.07,27.72
65,2,2.3366585832999993,2.25,142.12,143.45,90.81,25.919999999999998
66,2,2.2996844978,2.13,144.42,145.58,91.54,26.34
67,2,2.3185475001999993,2.11,146.74,147.69,92.22,26.14
68,2,2.2563679994999988,2.42,149.0,150.11,92.9,26.81
69,2,2.3265410471999988,2.41,151.33,152.52,93.68,26.060000000000002
70,2,2.11821546075,2.3,153.45,154.82,94.45,28.190000000000005
71,2,2.230306142199999,2.29,155.68,157.11,95.18,27.060000000000002
72,2,2.1382955622999993,2.21,157.82,159.32,95.91,27.960000000000004
73,2,2.234575853549999,2.38,160.05,161.7,96.61,26.990000000000002
74,2,2.1608125287999993,2.13,162.21,163.83,97.36,27.700000000000003
75,2,2.15961045295,2.14,164.37,165.97,98.03,27.69
76,2,2.212756007499999,2.31,166.58,168.28,98.7,27.15
77,2,2.1215072497,1.9,168.7,170.18,99.43,28.000000000000004
78,2,2.1251845761999992,2.21,170.83,172.39,100.02,27.94
79,2,2.143158260800001,2.23,172.97,174.62,100.71,27.740000000000002
80,2,2.1428349235499997,2.41,175.11,177.03,101.41,27.71
81,2,2.217088876749999,2.04,177.33,179.07,102.15,26.97
82,2,2.2849521922999996,2.19,179.61,181.26,102.79,26.28
83,2,2.2735960727999998,2.32,181.88,183.58,103.46,26.360000000000003
84,2,2.0858505291999982,2.09,183.97,185.67,104.18,28.080000000000002
85,2,2.1830598396999985,2.33,186.15,188.0,104.82,27.150000000000002
86,2,2.1621813951999993,2.42,188.31,190.42,105.53,27.3
87,2,2.0962017149500003,1.84,190.41,192.26,106.27,27.849999999999998
88,2,2.114166347949999,2.1,192.52,194.36,106.83,27.65
89,2,2.1644608014499997,2.05,194.68,196.41,107.47,27.150000000000002
90,2,2.0471233355499994,2.13,196.73,198.54,108.09,28.150000000000002
