floor(cycle / (24 * 60)),pig.id,pig.target_dfi,pig.dfi,pig.target_cfi,pig.cfi,pig.weight,ET
0,16,1.6301058181418586,1.52,1.63,1.52,37.79,18.79
1,16,1.6467291082984163,1.92,3.28,3.44,38.35,18.79
2,16,1.6676845870311334,1.51,4.95,4.95,39.06,18.89
3,16,1.6838042567214395,1.86,6.63,6.81,39.61,19.150000000000002
4,16,1.7037258873920067,1.87,8.33,8.68,40.29,18.9
5,16,1.7236030509836167,1.45,10.05,10.13,40.98,19.68
6,16,1.738797371363363,1.74,11.79,11.87,41.51,19.990000000000002
7,16,1.7570466852946351,1.74,13.55,13.61,42.14,19.75
8,16,1.775509092981269,2.05,15.33,15.66,42.77,17.7
9,16,1.7969163194982112,1.68,17.13,17.34,43.52,17.88
10,16,1.8142252261153355,1.71,18.94,19.05,44.13,18.16
11,16,1.831758710585035,2.08,20.77,21.13,44.75,18.23
12,16,1.852576433496089,2.15,22.62,23.28,45.5,19.38
13,16,1.872946755667054,1.69,24.49,24.97,46.27,20.63
14,16,1.8898373085869413,1.66,26.38,26.63,46.88,20.639999999999997
15,16,1.9058625206258148,2.08,28.29,28.71,47.47,20.77
16,16,1.925260115964954,1.7,30.22,30.41,48.21,21.11
17,16,1.940585420872873,1.68,32.16,32.09,48.82,21.44
18,16,1.953259864968405,2.18,34.11,34.27,49.42,22.010000000000005
19,16,1.973585379571266,1.71,36.08,35.98,50.19,22.020000000000007
20,16,1.985495765441604,1.75,38.07,37.73,50.8,22.420000000000005
21,16,2.007457013221642,1.87,40.08,39.6,51.42,21.840000000000003
22,16,2.0153312628387425,1.72,42.1,41.32,52.08,22.64
23,16,2.0443820267721717,2.19,44.14,43.51,52.69,21.320000000000004
24,16,2.0671351360568506,2.33,46.21,45.84,53.45,20.720000000000006
25,16,2.076171579539042,1.94,48.29,47.78,54.27,22.28
26,16,2.0901358241803654,2.07,50.38,49.85,54.95,22.480000000000004
27,16,2.1193371665629788,2.29,52.5,52.14,55.67,21.630000000000003
28,16,2.1476185595602337,2.02,54.65,54.16,56.47,20.310000000000002
29,16,2.1550064959020534,2.31,56.81,56.47,57.17,21.840000000000003
30,16,2.1585934826290325,2.17,58.97,58.64,57.97,22.74
31,16,2.1847271232168124,2.22,61.15,60.86,58.72,22.369999999999997
32,16,2.197442150154503,1.95,63.35,62.81,59.49,22.63
33,16,2.1877788520732584,2.43,65.54,65.24,60.16,23.459999999999997
34,16,2.2202577662008642,2.11,67.76,67.35,60.99,23.06
35,16,2.264673685950727,2.18,70.02,69.53,61.71,21.96
36,16,2.2712948626282854,2.1,72.29,71.63,62.45,22.46
37,16,2.288030392110881,2.58,74.58,74.21,63.17,22.46
38,16,2.2704034693834476,2.02,76.85,76.23,64.05,23.54
39,16,2.318878116612511,2.02,79.17,78.25,64.73,22.63
40,16,2.3118088653872095,2.03,81.48,80.28,65.41,23.249999999999996
41,16,2.3279790880588864,2.43,83.81,82.71,66.1,23.22
42,16,2.383372978259339,2.61,86.19,85.32,66.91,22.11
43,16,2.382247306167856,2.14,88.57,87.46,67.79,22.77
44,16,2.408775424551465,2.51,90.98,89.97,68.5,22.459999999999997
45,16,2.4262819572782903,2.38,93.41,92.35,69.34,22.490000000000002
46,16,2.4507770034862597,2.73,95.86,95.08,70.13,22.279999999999998
47,16,2.4384392111070765,2.24,98.3,97.32,71.03,23.090000000000003
48,16,2.4575236813411685,2.35,100.76,99.67,71.77,23.009999999999998
49,16,2.4658040582129237,2.53,103.23,102.2,72.55,23.18
50,16,2.5036100974652777,2.71,105.73,104.91,73.38,22.73
51,16,2.558649335437926,2.79,108.29,107.7,74.27,21.750000000000004
52,16,2.603872184918813,2.82,110.89,110.52,75.18,20.610000000000003
53,16,2.6369608299140173,2.38,113.53,112.9,76.1,19.36
54,16,2.644171862448908,2.7,116.17,115.6,76.87,20.51
55,16,2.660719509625715,2.7,118.83,118.3,77.74,20.710000000000004
56,16,2.683327840137391,2.57,121.51,120.87,78.61,20.540000000000003
57,16,2.699351603194691,2.44,124.21,123.31,79.44,20.69
58,16,2.7384814298138194,2.99,126.95,126.3,80.22,17.990000000000002
59,16,2.752133774643564,3.02,129.7,129.32,81.18,19.750000000000004
60,16,2.7608122116115488,2.97,132.46,132.29,82.14,20.62
61,16,2.7718844484374485,2.97,135.23,135.26,83.09,21.02
62,16,2.7903265626896623,2.95,138.02,138.21,84.03,21.08
63,16,2.801502116653059,2.78,140.82,140.99,84.96,21.34
64,16,2.799715102881922,2.7,143.62,143.69,85.83,21.83
65,16,2.732170358639862,2.67,146.35,146.36,86.68,23.35
66,16,2.826329342862987,2.8,149.18,149.16,87.51,21.979999999999997
67,16,2.7590672898609485,2.7,151.94,151.86,88.38,23.419999999999998
68,16,2.793848485192922,2.93,154.73,154.79,89.22,23.119999999999997
69,16,2.7809915102717997,3.0,157.51,157.79,90.13,23.57
70,16,2.87288253772326,2.7,160.38,160.49,91.05,22.389999999999997
71,16,2.8407128969396935,2.67,163.22,163.16,91.88,23.15
72,16,2.93624983724008,3.19,166.16,166.35,92.7,21.82
73,16,2.972796049682045,3.03,169.13,169.38,93.67,21.47
74,16,2.9467204712830695,2.71,172.08,172.09,94.59,22.27
75,16,2.901772760504615,2.82,174.98,174.91,95.42,23.189999999999998
76,16,2.950309382967641,3.23,177.93,178.14,96.27,22.7
77,16,2.9856923609011186,2.8,180.92,180.94,97.24,22.43
78,16,2.9367056992112475,2.92,183.86,183.86,98.08,23.36
79,16,3.020300599880232,3.32,186.88,187.18,98.96,22.38
80,16,3.0157362933828837,2.89,189.9,190.07,99.95,22.709999999999997
81,16,3.1644195794875425,3.3,193.06,193.37,100.81,20.269999999999996
82,16,3.178559882117835,3.15,196.24,196.52,101.78,20.419999999999995
83,16,3.212727453994164,3.44,199.45,199.96,102.71,19.959999999999997
84,16,3.1762943520070874,3.07,202.63,203.03,103.72,21.269999999999992
85,16,3.2655214613573724,3.03,205.9,206.06,104.62,19.429999999999996
86,16,3.2838530910873565,3.03,209.18,209.09,105.5,19.419999999999995
87,16,3.3153091615727432,3.17,212.5,212.26,106.38,18.67
88,16,3.343836797188985,3.43,215.84,215.69,107.3,17.63
89,16,3.350594272770677,3.24,219.19,218.93,108.29,18.96
90,16,3.377345788912961,3.55,222.57,222.48,109.22,18.46
