floor(cycle / (24 * 60)),pig.id,pig.target_dfi,pig.dfi,pig.target_cfi,pig.cfi,pig.weight,ET
0,7,1.5900132650294792,1.32,1.59,1.32,36.45,18.79
1,7,1.6065238265557833,1.34,3.2,2.66,37.0,18.79
2,7,1.6229481729802684,1.84,4.82,4.5,37.55,18.89
3,7,1.6454992492482416,1.61,6.47,6.11,38.31,19.150000000000002
4,7,1.6650322381249123,1.88,8.14,7.99,38.97,18.9
5,7,1.6874883991771041,1.7,9.83,9.69,39.74,19.68
6,7,1.7077991620555542,1.81,11.54,11.5,40.44,19.990000000000002
7,7,1.7293693043255693,1.46,13.27,12.96,41.18,19.75
8,7,1.746766033967782,1.99,15.02,14.95,41.77,17.7
9,7,1.7700524549802208,1.66,16.79,16.61,42.58,17.88
10,7,1.789479338163113,1.72,18.58,18.33,43.26,18.16
11,7,1.8091100040642496,2.08,20.39,20.41,43.95,18.23
12,7,1.8326095319395925,1.77,22.22,22.18,44.79,19.38
13,7,1.8517758665033448,1.56,24.07,23.74,45.51,20.63
14,7,1.8690396148199777,1.64,25.94,25.38,46.13,20.639999999999997
15,7,1.8871081056644141,1.6,27.83,26.98,46.79,20.77
16,7,1.9039225873194483,1.71,29.73,28.69,47.43,21.11
17,7,1.921611725157668,2.19,31.65,30.88,48.12,21.44
18,7,1.9418043306793609,1.86,33.59,32.74,48.99,22.010000000000005
19,7,1.9614122553707876,2.15,35.55,34.89,49.73,22.020000000000007
20,7,1.9797829434175396,1.89,37.53,36.78,50.58,22.420000000000005
21,7,2.0050922272541203,1.78,39.54,38.56,51.33,21.840000000000003
22,7,2.01406046971337,2.13,41.55,40.69,52.03,22.64
23,7,2.049113867268109,2.34,43.6,43.03,52.87,21.320000000000004
24,7,2.0761009977928975,1.79,45.68,44.82,53.79,20.720000000000006
25,7,2.0817266940320627,1.86,47.76,46.68,54.49,22.28
26,7,2.096853545100507,2.16,49.86,48.84,55.22,22.480000000000004
27,7,2.129280703733773,2.4,51.99,51.24,56.06,21.630000000000003
28,7,2.1611181727103843,2.08,54.15,53.32,56.99,20.310000000000002
29,7,2.170759362439782,2.46,56.32,55.78,57.8,21.840000000000003
30,7,2.177181095520152,2.03,58.5,57.81,58.75,22.74
31,7,2.2042621983363913,2.23,60.7,60.04,59.53,22.369999999999997
32,7,2.2187054748111805,2.35,62.92,62.39,60.39,22.63
33,7,2.213059518674442,2.1,65.13,64.49,61.29,23.459999999999997
34,7,2.2452570081374037,2.53,67.38,67.02,62.09,23.06
35,7,2.296723181892861,2.43,69.68,69.45,63.05,21.96
36,7,2.3067336940269194,2.4,71.99,71.85,63.98,22.46
37,7,2.327363146624155,2.42,74.32,74.27,64.88,22.46
38,7,2.3079503229177036,2.6,76.63,76.87,65.8,23.54
39,7,2.3648954060848277,2.37,78.99,79.24,66.78,22.63
40,7,2.3604280029282023,2.19,81.35,81.43,67.67,23.249999999999996
41,7,2.3789474183110806,2.32,83.73,83.75,68.48,23.22
42,7,2.438665563090299,2.59,86.17,86.34,69.35,22.11
43,7,2.436834503497651,2.5,88.61,88.84,70.31,22.77
44,7,2.4688072747272085,2.7,91.08,91.54,71.24,22.459999999999997
45,7,2.4892435490239135,2.5,93.57,94.04,72.24,22.490000000000002
46,7,2.5169178540040464,2.38,96.09,96.42,73.16,22.279999999999998
47,7,2.5005171276701863,2.44,98.59,98.86,74.03,23.090000000000003
48,7,2.522592813803889,2.79,101.11,101.65,74.92,23.009999999999998
49,7,2.534720632863582,2.54,103.64,104.19,75.94,23.18
50,7,2.575674532930442,2.31,106.22,106.5,76.86,22.73
51,7,2.6333174002049295,2.43,108.85,108.93,77.7,21.750000000000004
52,7,2.6814661200224177,2.98,111.53,111.91,78.58,20.610000000000003
53,7,2.720058181240644,2.81,114.25,114.72,79.65,19.36
54,7,2.730002354949559,2.73,116.98,117.45,80.66,20.51
55,7,2.7476496199085845,2.51,119.73,119.96,81.63,20.710000000000004
56,7,2.7710567735395104,2.97,122.5,122.93,82.53,20.540000000000003
57,7,2.7909166301831685,2.56,125.29,125.49,83.58,20.69
58,7,2.8377662677961335,2.76,128.13,128.25,84.49,17.990000000000002
59,7,2.848909294039675,2.57,130.98,130.82,85.46,19.750000000000004
60,7,2.8528949592797477,2.74,133.83,133.56,86.36,20.62
61,7,2.8618708184651998,2.81,136.69,136.37,87.32,21.02
62,7,2.880324620198343,2.8,139.57,139.17,88.3,21.08
63,7,2.890697388785185,2.72,142.46,141.89,89.28,21.34
64,7,2.8873017193800354,2.89,145.35,144.78,90.22,21.83
65,7,2.81543646887843,2.86,148.17,147.64,91.22,23.35
66,7,2.9180327077102675,2.79,151.09,150.43,92.2,21.979999999999997
67,7,2.845587348445605,2.9,153.94,153.33,93.16,23.419999999999998
68,7,2.8838111268093156,3.0,156.82,156.33,94.15,23.119999999999997
69,7,2.870733754561848,3.12,159.69,159.45,95.17,23.57
70,7,2.969720700539431,3.05,162.66,162.5,96.23,22.389999999999997
71,7,2.937237546933563,3.08,165.6,165.58,97.26,23.15
72,7,3.042867352316538,3.13,168.64,168.71,98.29,21.82
73,7,3.08247506908358,2.92,171.72,171.63,99.34,21.47
74,7,3.052226217540265,2.94,174.77,174.57,100.32,22.27
75,7,3.0048767379974235,2.9,177.77,177.47,101.29,23.189999999999998
76,7,3.0571275755288956,3.2,180.83,180.67,102.25,22.7
77,7,3.094923759238645,2.97,183.92,183.64,103.31,22.43
78,7,3.04353347056838,3.33,186.96,186.97,104.29,23.36
79,7,3.1349864098853795,2.85,190.09,189.82,105.38,22.38
80,7,3.12710974546064,3.42,193.22,193.24,106.31,22.709999999999997
81,7,3.295685794501328,3.51,196.52,196.75,107.42,20.269999999999996
82,7,3.31115382890595,3.11,199.83,199.86,108.55,20.419999999999995
83,7,3.349377041236977,3.55,203.18,203.41,109.55,19.959999999999997
84,7,3.304868145428319,3.25,206.48,206.66,110.69,21.269999999999992
85,7,3.4097190919584297,3.17,209.89,209.83,111.73,19.429999999999996
86,7,3.4301163685422593,3.69,213.32,213.52,112.74,19.419999999999995
87,7,3.4708790807239946,3.19,216.79,216.71,113.91,18.67
88,7,3.503790127011859,3.73,220.29,220.44,114.91,17.63
89,7,3.5087309505575286,3.35,223.8,223.79,116.08,18.96
90,7,3.539805413903223,3.3,227.34,227.09,117.13,18.46
