floor(cycle / (24 * 60)),pig.id,pig.target_dfi,pig.dfi,pig.target_cfi,pig.cfi,pig.weight,ET
0,19,1.661212457983085,1.56,1.66,1.56,38.84,18.79
1,19,1.6791633283471687,1.76,3.34,3.32,39.45,18.79
2,19,1.6996103848745137,2.0,5.04,5.32,40.15,19.09
3,19,1.72246839049101,1.47,6.76,6.79,40.93,17.41
4,19,1.7388660978827288,1.73,8.5,8.52,41.5,18.79
5,19,1.7584062638247617,1.5,10.26,10.02,42.18,19.090000000000003
6,19,1.77484672876731,1.48,12.03,11.5,42.76,19.68
7,19,1.7900373062883437,1.81,13.82,13.31,43.34,21.06
8,19,1.811650544069676,2.05,15.63,15.36,44.04,18.34
9,19,1.8330741244707958,1.55,17.46,16.91,44.83,20.349999999999994
10,19,1.850708719373592,1.9,19.31,18.81,45.43,19.130000000000003
11,19,1.8712257893921547,1.94,21.18,20.75,46.16,18.91
12,19,1.892311182181248,1.78,23.07,22.53,46.91,18.080000000000002
13,19,1.9099528888454305,1.85,24.98,24.38,47.59,20.31
14,19,1.930229921739868,1.67,26.91,26.05,48.3,19.599999999999998
15,19,1.946900303950143,2.01,28.86,28.06,48.94,20.369999999999997
16,19,1.9687588735412818,2.12,30.83,30.18,49.7,19.339999999999996
17,19,1.9912197778202676,2.03,32.82,32.21,50.51,18.429999999999993
18,19,2.0122899485868144,2.05,34.83,34.26,51.28,17.450000000000003
19,19,2.033088900186774,2.04,36.86,36.3,52.05,17.400000000000002
20,19,2.0533110246295503,2.14,38.91,38.44,52.82,18.95
21,19,2.0742796803081127,2.06,40.98,40.5,53.63,19.66
22,19,2.0947549988431517,2.04,43.07,42.54,54.4,19.619999999999997
23,19,2.114877082916127,2.35,45.18,44.89,55.16,19.58
24,19,2.139102391931251,2.06,47.32,46.95,56.04,18.27
25,19,2.159037042637099,2.38,49.48,49.33,56.81,18.759999999999998
26,19,2.1823403306570137,2.26,51.66,51.59,57.69,18.2
27,19,2.2044652066937114,1.92,53.86,53.51,58.53,17.330000000000002
28,19,2.2213147625696714,2.13,56.08,55.64,59.24,19.46
29,19,2.2416115404034906,2.31,58.32,57.95,60.02,19.31
30,19,2.264417489225265,2.31,60.58,60.26,60.87,18.380000000000003
31,19,2.285852691096147,2.52,62.87,62.78,61.71,18.430000000000003
32,19,2.3072428756159953,2.31,65.18,65.09,62.63,19.67
33,19,2.3310223658675424,2.28,67.51,67.37,63.48,18.130000000000003
34,19,2.350871987979431,2.38,69.86,69.75,64.3,18.919999999999998
35,19,2.3736652001274194,2.48,72.23,72.23,65.16,17.56
36,19,2.39539988057935,2.43,74.63,74.66,66.06,18.580000000000002
37,19,2.4151162686798506,2.21,77.05,76.87,66.93,19.480000000000004
38,19,2.435501051814813,2.54,79.49,79.41,67.73,19.259999999999998
39,19,2.4594605214933334,2.24,81.95,81.65,68.63,18.299999999999997
40,19,2.4765929754124136,2.27,84.43,83.92,69.43,19.44
41,19,2.499379088088766,2.38,86.93,86.3,70.24,17.96
42,19,2.519531091163628,2.76,89.45,89.06,71.08,18.29
43,19,2.5431790862963046,2.34,91.99,91.4,72.06,18.409999999999997
44,19,2.564147926529816,2.45,94.55,93.85,72.88,17.39
45,19,2.5819893075902933,2.86,97.13,96.71,73.75,19.16
46,19,2.608227972912338,2.73,99.74,99.44,74.75,18.3
47,19,2.6304947908331893,2.61,102.37,102.05,75.7,18.519999999999996
48,19,2.6494053986130197,2.79,105.02,104.84,76.61,19.279999999999998
49,19,2.6759190120280567,2.94,107.7,107.78,77.57,18.03
50,19,2.6884177071667854,2.62,110.39,110.4,78.59,20.15
51,19,2.7199602556005447,2.99,113.11,113.39,79.49,18.57
52,19,2.7390315336030677,2.89,115.85,116.28,80.52,19.520000000000003
53,19,2.7639229823196603,2.62,118.61,118.9,81.51,19.23
54,19,2.7809555768877265,3.04,121.39,121.94,82.4,19.650000000000002
55,19,2.7808712636976853,2.82,124.17,124.76,83.43,20.96
56,19,2.824921071644242,3.06,126.99,127.82,84.38,19.73
57,19,2.8286154408154656,2.87,129.82,130.69,85.41,20.77
58,19,2.840806229896461,2.78,132.66,133.47,86.38,21.059999999999995
59,19,2.86452175438691,3.1,135.52,136.57,87.31,20.93
60,19,2.7635099247246706,2.64,138.28,139.21,88.34,23.339999999999996
61,19,2.869983996332055,2.62,141.15,141.83,89.22,21.779999999999998
62,19,2.847628925657227,3.05,144.0,144.88,90.09,22.509999999999998
63,19,2.815080395219181,2.56,146.82,147.44,91.09,23.32
64,19,2.9395044328008195,2.68,149.76,150.12,91.94,21.450000000000003
65,19,2.972810569990015,2.99,152.73,153.11,92.81,21.08
66,19,2.9610384756436248,3.15,155.69,156.26,93.79,21.750000000000004
67,19,2.9160218555429136,2.95,158.61,159.21,94.82,22.82
68,19,2.9271971773909624,2.65,161.54,161.86,95.77,22.910000000000004
69,19,3.032038328806769,3.09,164.57,164.95,96.63,21.440000000000005
70,19,3.0597301244673782,3.29,167.63,168.24,97.62,21.270000000000003
71,19,3.045421518543587,3.19,170.68,171.43,98.68,21.900000000000006
72,19,3.111732534653548,3.38,173.79,174.81,99.7,21.03
73,19,3.1844720084561895,3.38,176.97,178.19,100.77,19.480000000000004
74,19,3.1536667999571812,3.26,180.12,181.45,101.84,21.020000000000003
75,19,3.174952162808674,3.43,183.29,184.88,102.87,20.990000000000006
76,19,3.135719348018509,3.14,186.43,188.02,103.95,22.000000000000004
77,19,3.0620127750923225,3.19,189.49,191.21,104.93,23.259999999999998
78,19,3.1537197859195194,3.08,192.64,194.29,105.92,22.25
79,19,3.1655936568948557,3.36,195.81,197.65,106.88,22.32
80,19,3.1186476979702427,3.06,198.93,200.71,107.92,23.18
81,19,3.0681436462324614,2.92,202.0,203.63,108.86,24.01
82,19,3.2081806481069175,3.43,205.21,207.06,109.76,22.419999999999998
83,19,3.159666675723751,3.06,208.37,210.12,110.81,23.27
84,19,3.3100647504236203,3.55,211.68,213.67,111.74,21.479999999999997
85,19,3.1762310543692385,3.34,214.86,217.01,112.81,23.47
86,19,3.330019437212951,3.44,218.19,220.45,113.82,21.72
87,19,3.2119134969458907,2.99,221.4,223.44,114.86,23.439999999999998
88,19,3.22792290145417,2.96,224.63,226.4,115.75,23.419999999999998
89,19,3.329247346993541,3.41,227.96,229.81,116.63,22.36
90,19,3.2928834486966916,3.39,231.25,233.2,117.65,23.01
